17280 0 0 0 0 3 0 0 1
17300 77 60 102 15 0 2 0 2
17320 101 3 25 0 0 0 1 2
17340 81 8 6 34 0 0 2 2
17360 51 120 3 4 1 1 3 2
17380 78 41 2 6 0 0 4 2
17400 21 17 167 2 2 2 5 2
17420 11 12 88 48 3 2 5 3
17440 54 41 13 31 1 0 5 4
17460 80 8 30 3 0 0 6 4
17480 128 0 28 2 0 0 7 4
17500 20 5 266 6 2 2 8 4
17520 83 11 3 0 0 0 9 4
17540 68 77 5 1 0 1 9 5
17560 8 219 5 23 1 1 10 5
17580 110 21 1 1 0 0 11 5
17600 67 64 2 1 1 0 11 6
17620 135 8 0 0 0 0 12 6
17640 118 21 9 0 0 0 13 6
17660 67 62 38 3 0 0 14 6
17680 92 29 1 15 0 0 15 6
17700 9 5 10 539 3 3 16 6
17720 18 8 73 5 0 2 16 7
17740 77 1 40 0 0 0 17 7
17760 109 3 6 11 0 0 18 7
17780 50 91 1 3 1 1 19 7
17800 74 46 2 1 0 0 20 7
17820 23 13 135 0 2 2 21 7
17840 12 15 72 42 3 2 21 8
17860 52 59 25 6 1 1 22 8
17880 61 8 49 1 0 0 23 8
17900 130 0 24 2 0 0 24 8
17920 14 4 296 8 2 2 25 8
17940 69 19 4 0 0 0 26 8
17960 83 67 2 0 0 0 27 8
17980 5 231 2 25 1 1 28 8
18000 100 22 1 3 0 0 29 8
18020 76 71 2 3 1 0 29 9
18040 119 4 1 0 0 0 30 9
18060 118 20 8 0 0 0 31 9
18080 64 56 21 4 0 0 32 9
18100 88 29 2 10 0 0 33 9
18120 8 5 13 572 3 3 34 9
18140 20 8 59 13 0 2 34 10
18160 76 1 45 0 0 0 35 10
18180 105 4 7 11 0 0 36 10
18200 55 99 1 2 1 1 37 10
18220 76 26 2 2 0 0 38 10
18240 12 12 135 0 2 2 39 10
18260 8 15 99 32 3 2 39 11
18280 56 65 10 8 1 1 40 11
18300 67 17 32 3 0 0 41 11
18320 123 0 29 3 0 0 42 11
18340 19 4 275 7 2 2 43 11
18360 75 10 2 0 0 0 44 11
18380 64 73 1 0 0 1 44 12
18400 8 260 3 20 1 1 45 12
18420 91 22 1 2 0 0 46 12
18440 71 72 2 4 1 1 47 12
18460 129 5 0 0 0 0 48 12
18480 111 26 7 3 0 0 49 12
18500 59 54 30 4 0 0 50 12
18520 86 32 1 15 0 0 51 12
18540 11 3 17 588 3 3 52 12
18560 19 6 48 14 0 2 52 13
18580 76 2 44 0 0 0 53 13
18600 98 2 5 13 0 0 54 13
18620 46 114 3 3 1 1 55 13
18640 75 33 1 2 0 0 56 13
18660 24 18 142 0 2 2 57 13
18680 12 18 96 26 3 2 57 14
18700 55 67 14 8 1 1 58 14
18720 58 12 28 6 0 0 59 14
18740 126 0 27 2 0 0 60 14
18760 16 5 277 8 2 2 61 14
18780 74 11 2 2 0 0 62 14
18800 64 78 2 0 0 1 62 15
18820 9 227 3 22 1 1 63 15
18840 99 23 1 1 0 0 64 15
18860 73 68 0 1 1 0 64 16
18880 124 7 0 0 0 0 65 16
18900 113 32 10 3 0 0 66 16
18920 66 61 24 4 0 0 67 16
18940 85 34 1 19 0 0 68 16
18960 10 4 14 552 3 3 69 16
18980 18 7 62 7 0 2 69 17
19000 69 1 65 0 0 0 70 17
19020 102 2 5 11 0 0 71 17
19040 52 104 2 1 1 1 72 17
19060 71 36 1 2 0 0 73 17
19080 21 14 140 0 2 2 74 17
19100 11 17 74 38 3 2 74 18
19120 51 76 8 10 1 1 75 18
19140 68 3 35 2 0 0 76 18
19160 140 0 26 4 0 0 77 18
19180 15 3 261 6 2 2 78 18
19200 71 11 1 0 0 0 79 18
19220 59 65 3 0 0 1 79 19
19240 5 230 8 31 1 1 80 19
19260 99 20 1 0 0 0 81 19
19280 74 74 0 1 1 0 81 20
19300 123 5 0 0 0 0 82 20
19320 115 23 11 3 0 0 83 20
19340 57 60 24 3 0 1 83 21
19360 87 39 1 13 0 0 84 21
19380 11 6 14 535 3 3 85 21
19400 21 5 43 12 0 2 85 22
19420 73 1 61 0 0 0 86 22
19440 105 2 5 10 0 0 87 22
19460 48 119 4 0 1 1 88 22
19480 68 33 1 1 0 0 89 22
19500 18 16 144 0 2 2 90 22
19520 15 14 66 45 3 2 90 23
19540 63 64 12 5 1 1 91 23
19560 51 12 47 4 0 0 92 23
19580 125 0 33 6 0 0 93 23
19600 20 7 269 6 2 2 94 23
19620 76 10 2 2 0 0 95 23
19640 69 68 4 1 0 0 96 23
19660 6 234 5 27 1 1 97 23
19680 99 19 1 0 0 0 98 23
19700 75 77 1 4 1 1 99 23
19720 126 5 0 0 0 0 100 23
19740 113 25 8 2 0 0 101 23
19760 52 66 26 3 0 1 101 24
19780 80 42 1 11 0 0 102 24
19800 11 6 10 530 3 3 103 24
19820 17 6 83 16 0 2 103 25
19840 69 1 41 0 0 0 104 25
19860 101 4 4 11 0 0 105 25
19880 50 93 7 2 1 1 106 25
19900 71 42 2 2 0 0 107 25
19920 19 17 171 0 2 2 108 25
19940 13 12 91 40 3 2 108 26
19960 49 63 15 8 1 1 109 26
19980 64 7 30 4 0 0 110 26
20000 124 0 33 2 0 0 111 26
20020 16 6 300 5 2 2 112 26
20040 75 10 4 0 0 0 113 26
20060 59 70 3 0 0 1 113 27
20080 12 222 6 23 1 1 114 27
20100 103 28 1 1 0 0 115 27
20120 68 83 1 2 1 1 116 27
20140 127 5 1 0 0 0 117 27
20160 112 29 10 1 0 0 118 27
20180 74 45 24 3 0 0 119 27
20200 82 39 1 12 0 0 120 27
20220 13 3 14 545 3 3 121 27
20240 21 9 57 12 0 2 121 28
20260 71 1 47 0 0 0 122 28
20280 106 4 6 9 0 0 123 28
20300 44 108 4 2 1 1 124 28
20320 66 31 2 2 0 0 125 28
20340 26 23 140 0 2 2 126 28
20360 13 11 78 47 3 2 126 29
20380 54 71 9 11 1 1 127 29
20400 67 5 37 3 0 0 128 29
20420 121 0 27 2 0 0 129 29
20440 16 3 295 8 2 2 130 29
20460 77 10 1 1 0 0 131 29
20480 67 69 3 1 0 1 131 30
20500 6 240 5 20 1 1 132 30
20520 101 24 1 0 0 0 133 30
20540 69 74 2 2 1 1 134 30
20560 132 6 0 0 0 0 135 30
20580 108 27 9 4 0 0 136 30
20600 69 42 35 5 0 0 137 30
20620 85 40 1 16 0 0 138 30
20640 9 3 14 537 3 3 139 30
20660 26 6 57 14 0 2 139 31
20680 63 1 46 0 0 0 140 31
20700 100 4 5 9 0 0 141 31
20720 49 120 4 3 1 1 142 31
20740 73 36 1 2 0 0 143 31
20760 19 12 164 0 2 2 144 31
20780 10 11 83 38 3 2 144 32
20800 52 59 9 8 1 1 145 32
20820 65 8 29 5 0 0 146 32
20840 125 0 25 2 0 0 147 32
20860 15 1 284 8 2 2 148 32
20880 77 11 3 0 0 0 149 32
20900 70 65 4 1 0 0 150 32
20920 8 259 2 15 1 1 151 32
20940 105 25 1 0 0 0 152 32
20960 70 73 2 2 1 1 153 32
20980 121 6 0 0 0 0 154 32
21000 113 22 6 0 0 0 155 32
21020 52 60 29 4 0 1 155 33
21040 93 38 1 14 0 0 156 33
21060 8 3 13 564 3 3 157 33
21080 19 5 43 11 0 2 157 34
21100 69 1 67 0 0 0 158 34
21120 105 3 6 10 0 0 159 34
21140 54 112 6 1 1 1 160 34
21160 60 47 1 1 0 0 161 34
21180 22 12 142 0 2 2 162 34
21200 7 10 111 39 3 2 162 35
21220 45 74 13 7 1 1 163 35
21240 54 25 25 2 0 0 164 35
21260 126 0 31 3 0 0 165 35
21280 21 2 303 7 2 2 166 35
21300 75 8 4 0 0 0 167 35
21320 72 64 3 1 0 0 168 35
21340 6 194 4 26 1 1 169 35
21360 100 23 1 0 0 0 170 35
21380 67 74 1 2 1 1 171 35
21400 127 6 0 0 0 0 172 35
21420 117 28 8 2 0 0 173 35
21440 64 61 33 2 0 0 174 35
21460 84 38 1 10 0 0 175 35
21480 12 8 17 568 3 3 176 35
21500 19 9 61 12 0 2 176 36
21520 64 1 44 0 0 0 177 36
21540 102 2 5 11 0 0 178 36
21560 44 107 6 2 1 1 179 36
21580 77 36 1 1 0 0 180 36
21600 23 10 158 0 2 2 181 36
21620 11 16 70 55 3 2 181 37
21640 54 74 9 11 1 1 182 37
21660 57 13 28 3 0 0 183 37
21680 129 0 29 3 0 0 184 37
21700 13 4 304 4 2 2 185 37
21720 70 15 3 0 0 0 186 37
21740 71 69 3 0 0 0 187 37
21760 5 246 3 17 1 1 188 37
21780 96 29 1 1 0 0 189 37
21800 71 70 1 2 1 0 189 38
21820 119 5 0 0 0 0 190 38
21840 114 29 8 0 0 0 191 38
21860 65 62 27 3 0 0 192 38
21880 81 34 2 11 0 0 193 38
21900 12 3 13 543 3 3 194 38
21920 18 7 56 13 0 2 194 39
21940 63 1 78 0 0 2 194 40
21960 109 4 5 10 0 0 195 40
21980 53 117 2 1 1 1 196 40
22000 72 34 1 1 0 0 197 40
22020 23 18 112 0 2 2 198 40
22040 10 20 71 56 3 2 198 41
22060 50 66 11 8 1 1 199 41
22080 71 7 36 5 0 0 200 41
22100 118 0 29 2 0 0 201 41
22120 13 3 292 8 2 2 202 41
22140 75 11 3 1 0 0 203 41
22160 75 68 1 0 0 0 204 41
22180 6 231 4 24 1 1 205 41
22200 103 23 1 0 0 0 206 41
22220 73 67 1 3 1 0 206 42
22240 120 6 0 0 0 0 207 42
22260 118 24 7 0 0 0 208 42
22280 59 52 35 2 0 0 209 42
22300 85 33 1 14 0 0 210 42
22320 10 3 12 524 3 3 211 42
22340 15 6 68 15 0 2 211 43
22360 63 1 58 0 0 0 212 43
22380 99 2 6 10 0 0 213 43
22400 61 91 5 3 1 1 214 43
22420 82 32 1 2 0 0 215 43
22440 16 14 151 0 2 2 216 43
22460 15 23 59 42 3 2 216 44
22480 32 106 6 7 1 1 217 44
22500 58 13 24 2 0 0 218 44
22520 133 0 34 2 0 0 219 44
22540 14 3 298 7 2 2 220 44
22560 69 8 1 1 0 0 221 44
22580 70 64 1 0 0 0 222 44
22600 8 241 2 19 1 1 223 44
22620 100 19 1 2 0 0 224 44
22640 81 77 1 4 1 0 224 45
22660 121 6 0 0 0 0 225 45
22680 114 22 9 3 0 0 226 45
22700 64 63 27 3 0 0 227 45
22720 87 36 2 7 0 0 228 45
22740 9 5 15 551 3 3 229 45
22760 20 7 68 9 0 2 229 46
22780 72 1 35 0 0 0 230 46
22800 100 3 5 10 0 0 231 46
22820 40 142 6 0 1 1 232 46
22840 68 30 1 4 0 0 233 46
22860 20 11 179 0 2 2 234 46
22880 15 12 62 34 3 2 234 47
22900 58 57 15 17 1 0 234 48
22920 63 9 28 4 0 0 235 48
22940 138 0 26 3 0 0 236 48
22960 15 6 268 8 2 2 237 48
22980 74 11 2 0 0 0 238 48
23000 61 66 5 0 0 1 238 49
23020 7 251 4 20 1 1 239 49
23040 105 15 1 0 0 0 240 49
23060 71 78 1 4 1 1 241 49
23080 125 10 0 0 0 0 242 49
23100 107 17 9 2 0 0 243 49
23120 66 62 31 3 0 0 244 49
23140 85 43 1 9 0 0 245 49
23160 10 4 14 583 3 3 246 49
23180 17 5 78 13 0 2 246 50
23200 62 0 66 0 0 2 246 51
23220 108 4 4 9 0 0 247 51
23240 50 111 1 2 1 1 248 51
23260 79 27 2 1 0 0 249 51
23280 20 20 141 0 2 2 250 51
23300 10 15 65 52 3 2 250 52
23320 46 68 11 13 1 1 251 52
23340 63 2 39 3 0 0 252 52
23360 121 0 31 3 0 0 253 52
23380 18 3 291 10 2 2 254 52
23400 72 8 0 0 0 0 255 52
23420 68 69 3 0 0 1 255 53
23440 4 224 2 24 1 1 256 53
23460 108 23 1 0 0 0 257 53
23480 74 78 1 2 1 1 258 53
23500 114 8 1 0 0 0 259 53
23520 108 27 8 3 0 0 260 53
23540 70 49 35 2 0 0 261 53
23560 76 36 1 10 0 0 262 53
23580 8 5 10 599 3 3 263 53
23600 19 5 47 10 0 2 263 54
23620 61 1 71 0 0 2 263 55
23640 102 4 6 10 0 0 264 55
23660 40 123 4 3 1 1 265 55
23680 77 31 1 2 0 0 266 55
23700 13 17 172 0 2 2 267 55
23720 11 14 58 46 3 2 267 56
23740 50 93 13 10 1 1 268 56
23760 61 8 33 2 0 0 269 56
23780 129 0 19 4 0 0 270 56
23800 14 5 275 6 2 2 271 56
23820 78 11 2 0 0 0 272 56
23840 75 59 3 0 0 0 273 56
23860 6 229 3 21 1 1 274 56
23880 107 21 0 3 0 0 275 56
23900 84 69 2 1 1 0 275 57
23920 115 5 0 0 0 0 276 57
23940 113 26 7 1 0 0 277 57
23960 54 56 28 2 0 1 277 58
23980 81 33 1 14 0 0 278 58
24000 11 4 17 553 3 3 279 58
24020 21 6 46 20 0 2 279 59
24040 73 1 40 0 0 0 280 59
24060 98 2 6 7 0 0 281 59
24080 53 123 4 1 1 1 282 59
24100 73 32 1 1 0 0 283 59
24120 28 14 152 0 2 2 284 59
24140 10 14 91 30 3 2 284 60
24160 57 62 12 7 1 1 285 60
24180 70 12 29 2 0 0 286 60
24200 128 0 26 5 0 0 287 60
24220 14 3 284 11 2 2 288 60
24240 74 12 3 1 0 0 289 60
24260 66 75 2 0 0 1 289 61
24280 9 192 4 27 1 1 290 61
24300 109 20 1 0 0 0 291 61
24320 74 74 2 3 1 0 291 62
24340 120 6 0 0 0 0 292 62
24360 107 24 8 2 0 0 293 62
24380 59 59 31 6 0 0 294 62
24400 87 34 1 11 0 0 295 62
24420 8 6 16 519 3 3 296 62
24440 23 7 84 6 0 2 296 63
24460 62 0 65 0 0 2 296 64
24480 99 3 4 12 0 0 297 64
24500 46 121 3 1 1 1 298 64
24520 71 36 2 3 0 0 299 64
24540 25 17 101 0 2 2 300 64
24560 13 20 58 68 3 3 301 64
24580 50 59 11 6 1 1 302 64
24600 64 7 35 4 0 0 303 64
24620 121 0 34 5 0 0 304 64
24640 14 3 302 6 2 2 305 64
24660 69 14 0 0 0 0 306 64
24680 70 69 2 0 0 0 307 64
24700 4 262 2 17 1 1 308 64
24720 102 15 1 0 0 0 309 64
24740 69 82 2 4 1 1 310 64
24760 127 6 0 0 0 0 311 64
24780 130 21 8 0 0 0 312 64
24800 55 57 23 5 0 1 312 65
24820 92 35 1 13 0 0 313 65
24840 10 7 11 549 3 3 314 65
24860 18 7 85 12 0 2 314 66
24880 61 1 55 0 0 0 315 66
24900 99 2 6 11 0 0 316 66
24920 44 109 6 2 1 1 317 66
24940 76 24 1 3 0 0 318 66
24960 26 21 114 0 2 2 319 66
24980 10 14 121 32 3 2 319 67
25000 49 46 18 15 1 0 319 68
25020 61 14 38 5 0 0 320 68
25040 135 0 21 2 0 0 321 68
25060 15 7 277 13 2 2 322 68
25080 71 9 3 0 0 0 323 68
25100 71 74 1 0 0 1 323 69
25120 6 187 7 27 1 1 324 69
25140 117 21 1 0 0 0 325 69
25160 62 75 1 2 1 1 326 69
25180 120 6 0 0 0 0 327 69
25200 120 20 11 0 0 0 328 69
25220 59 50 36 3 0 0 329 69
25240 87 38 1 15 0 0 330 69
25260 9 5 11 557 3 3 331 69
25280 24 6 66 12 0 2 331 70
25300 83 1 35 0 0 0 332 70
25320 97 3 5 11 0 0 333 70
25340 57 103 3 3 1 1 334 70
25360 59 41 2 2 0 0 335 70
25380 25 24 118 0 2 2 336 70
25400 13 16 65 48 3 2 336 71
25420 53 63 15 7 1 1 337 71
25440 62 9 44 6 0 0 338 71
25460 122 0 28 2 0 0 339 71
25480 15 6 259 6 2 2 340 71
25500 77 15 2 1 0 0 341 71
25520 63 80 1 0 0 1 341 72
25540 6 223 6 27 1 1 342 72
25560 98 20 1 0 0 0 343 72
25580 72 71 1 2 1 0 343 73
25600 125 8 1 0 0 0 344 73
25620 116 21 11 4 0 0 345 73
25640 60 71 22 6 0 1 345 74
25660 82 41 1 9 0 0 346 74
25680 15 5 20 502 3 3 347 74
25700 21 7 58 12 0 2 347 75
25720 84 1 36 0 0 0 348 75
25740 104 4 5 13 0 0 349 75
25760 42 87 4 2 1 1 350 75
25780 79 34 2 3 0 0 351 75
25800 12 11 172 0 2 2 352 75
25820 10 9 85 44 3 2 352 76
25840 50 83 10 9 1 1 353 76
25860 67 11 27 3 0 0 354 76
25880 128 0 21 2 0 0 355 76
25900 20 3 268 6 2 2 356 76
25920 74 12 1 1 0 0 357 76
25940 67 80 4 0 0 1 357 77
25960 3 221 4 24 1 1 358 77
25980 107 22 0 0 0 0 359 77
26000 78 78 3 2 1 0 359 78
26020 120 6 1 0 0 0 360 78
26040 114 27 11 4 0 0 361 78
26060 50 59 27 1 0 1 361 79
26080 92 28 1 9 0 0 362 79
26100 9 1 13 546 3 3 363 79
26120 18 9 64 9 0 2 363 80
26140 61 1 80 0 0 2 363 81
26160 113 4 4 8 0 0 364 81
26180 49 101 2 1 1 1 365 81
26200 68 25 1 3 0 0 366 81
26220 19 22 127 0 2 2 367 81
26240 12 13 77 38 3 2 367 82
26260 50 59 24 8 1 1 368 82
26280 64 7 25 3 0 0 369 82
26300 124 0 34 1 0 0 370 82
26320 14 4 282 6 2 2 371 82
26340 75 14 4 1 0 0 372 82
26360 55 98 4 0 0 1 372 83
26380 3 229 4 23 1 1 373 83
26400 113 18 1 1 0 0 374 83
26420 74 63 0 2 1 0 374 84
26440 127 8 0 0 0 0 375 84
26460 113 22 10 3 0 0 376 84
26480 63 57 23 3 0 0 377 84
26500 82 38 1 13 0 0 378 84
26520 7 3 14 557 3 3 379 84
26540 18 6 69 12 0 2 379 85
26560 59 0 53 0 0 0 380 85
26580 111 3 6 12 0 0 381 85
26600 47 126 1 1 1 1 382 85
26620 63 35 1 2 0 0 383 85
26640 15 19 130 0 2 2 384 85
26660 16 21 68 44 3 2 384 86
26680 56 58 12 11 1 1 385 86
26700 56 3 29 5 0 0 386 86
26720 129 0 38 1 0 0 387 86
26740 13 3 301 7 2 2 388 86
26760 71 10 3 1 0 0 389 86
26780 66 65 2 0 0 0 390 86
26800 8 209 4 24 1 1 391 86
26820 107 18 1 0 0 0 392 86
26840 73 73 2 3 1 0 392 87
26860 128 6 0 0 0 0 393 87
26880 119 24 8 0 0 0 394 87
26900 62 67 34 5 0 1 394 88
26920 79 35 1 11 0 0 395 88
26940 12 5 13 542 3 3 396 88
26960 18 5 65 10 0 2 396 89
26980 70 1 44 0 0 0 397 89
27000 97 3 5 10 0 0 398 89
27020 50 113 1 1 1 1 399 89
27040 64 38 1 2 0 0 400 89
27060 18 12 163 0 2 2 401 89
27080 13 12 73 42 3 2 401 90
27100 49 82 7 10 1 1 402 90
27120 65 11 25 3 0 0 403 90
27140 134 0 30 3 0 0 404 90
27160 14 2 279 9 2 2 405 90
27180 80 12 2 0 0 0 406 90
27200 74 63 2 0 0 0 407 90
27220 9 229 2 22 1 1 408 90
27240 102 25 1 0 0 0 409 90
27260 68 74 2 4 1 1 410 90
27280 112 6 0 0 0 0 411 90
27300 120 22 9 0 0 0 412 90
27320 68 55 40 1 0 0 413 90
27340 82 36 1 9 0 0 414 90
27360 8 3 11 572 3 3 415 90
27380 21 4 77 8 0 2 415 91
27400 78 1 34 0 0 0 416 91
27420 97 3 5 13 0 0 417 91
27440 52 110 1 1 1 1 418 91
27460 70 37 1 2 0 0 419 91
27480 20 24 128 0 2 2 420 91
27500 12 18 95 31 3 2 420 92
27520 54 67 14 6 1 1 421 92
27540 58 11 41 3 0 0 422 92
27560 125 0 22 4 0 0 423 92
27580 21 2 286 5 2 2 424 92
27600 71 10 1 0 0 0 425 92
27620 66 67 4 0 0 1 425 93
27640 8 262 2 19 1 1 426 93
27660 102 22 1 1 0 0 427 93
27680 79 63 2 5 1 0 427 94
27700 134 5 0 0 0 0 428 94
27720 116 22 8 0 0 0 429 94
27740 61 66 28 3 0 1 429 95
27760 85 48 1 8 0 0 430 95
27780 11 4 11 560 3 3 431 95
27800 20 6 65 11 0 2 431 96
27820 61 1 64 0 0 2 431 97
27840 97 2 6 11 0 0 432 97
27860 52 110 3 0 1 1 433 97
27880 75 31 1 2 0 0 434 97
27900 18 19 122 0 2 2 435 97
27920 11 13 110 37 3 2 435 98
27940 50 53 15 8 1 1 436 98
27960 54 3 46 6 0 0 437 98
27980 128 0 33 4 0 0 438 98
28000 20 5 266 6 2 2 439 98
28020 72 10 3 0 0 0 440 98
28040 70 69 2 0 0 0 441 98
28060 6 235 6 21 1 1 442 98
28080 107 21 1 0 0 0 443 98
28100 70 75 2 2 1 1 444 98
28120 116 8 0 0 0 0 445 98
28140 116 26 8 2 0 0 446 98
28160 56 56 24 4 0 0 447 98
28180 82 46 3 15 0 0 448 98
28200 7 3 17 561 3 3 449 98
28220 16 9 55 14 0 2 449 99
28240 66 1 46 0 0 0 450 99
