14067 0
14068 0
14069 0
14070 0
14071 0
14072 0
14073 0
14074 0
14075 0
14076 0
14077 0
14078 0
14079 0
14080 0
14081 0
14082 0
14083 0
14084 0
14085 0
14086 0
14087 0
14088 0
14089 0
14090 0
14091 0
14092 0
14093 0
14094 0
14095 0
14096 0
14097 0
14098 0
14099 0
14100 0
14101 0
14102 0
14103 0
14104 0
14105 9
14106 32
14107 51
14108 67
14109 76
14110 86
14111 100
14112 100
14113 100
14114 100
14115 100
14116 100
14117 100
14118 100
14119 100
14120 100
14121 100
14122 100
14123 100
14124 100
14125 100
14126 100
14127 100
14128 100
14129 100
14130 100
14131 100
14132 100
14133 100
14134 100
14135 100
14136 100
14137 100
14138 100
14139 100
14140 100
14141 100
14142 100
14143 100
14144 100
14145 100
14146 100
14147 100
14148 100
14149 100
14150 100
14151 100
14152 100
14153 100
14154 100
14155 100
14156 100
14157 100
14158 100
14159 88
14160 22
14161 22
14162 19
14163 16
14164 8
14165 13
14166 0
14167 0
14168 0
14169 0
14170 0
14171 0
14172 0
14173 0
14174 0
14175 0
14176 0
14177 0
14178 0
14179 0
14180 0
14181 0
14182 0
14183 0
14184 0
14185 0
14186 0
14187 0
14188 0
14189 0
14190 0
14191 0
14192 0
14193 0
14194 0
14195 0
14196 0
14197 0
14198 0
14199 0
14200 0
14201 0
14202 0
14203 0
14204 0
14205 0
14206 0
14207 0
14208 0
14209 0
14210 0
14211 0
14212 0
14213 0
14214 0
14215 0
14216 0
14217 0
14218 0
14219 0
14220 0
14221 0
14222 0
14223 0
14224 0
14225 0
14226 0
14227 0
14228 0
14229 0
14230 0
14231 0
14232 0
14233 1
14234 4
14235 32
14236 58
14237 72
14238 88
14239 100
14240 100
14241 100
14242 100
14243 100
14244 100
14245 100
14246 100
14247 100
14248 100
14249 100
14250 100
14251 100
14252 100
14253 100
14254 100
14255 100
14256 100
14257 100
14258 100
14259 100
14260 100
14261 100
14262 100
14263 100
14264 100
14265 100
14266 100
14267 100
14268 100
14269 100
14270 100
14271 100
14272 100
14273 100
14274 100
14275 100
14276 100
14277 100
14278 100
14279 100
14280 100
14281 100
14282 100
14283 100
14284 100
14285 100
14286 100
14287 100
14288 74
14289 21
14290 19
14291 6
14292 0
14293 0
14294 0
14295 0
14296 0
14297 0
14298 0
14299 0
14300 0
14301 0
14302 0
14303 0
14304 0
14305 0
14306 0
14307 0
14308 0
14309 0
14310 0
14311 0
14312 0
14313 0
14314 0
14315 0
14316 0
14317 0
14318 0
14319 0
14320 0
14321 0
14322 0
14323 0
14324 0
14325 0
14326 0
14327 0
14328 0
14329 0
14330 0
14331 0
14332 0
14333 0
14334 0
14335 0
14336 0
14337 0
14338 0
14339 0
14340 0
14341 0
14342 0
14343 0
14344 0
14345 0
14346 0
14347 0
14348 0
14349 0
14350 0
14351 0
14352 0
14353 0
14354 0
14355 0
14356 0
14357 0
14358 0
14359 0
14360 0
14361 0
14362 0
14363 0
14364 0
14365 0
14366 0
14367 0
14368 0
14369 0
14370 0
14371 0
14372 0
14373 0
14374 0
14375 0
14376 0
14377 0
14378 0
14379 0
14380 0
14381 0
14382 0
14383 0
14384 0
14385 0
14386 0
14387 0
14388 0
14389 0
14390 0
14391 0
14392 0
14393 0
14394 0
14395 0
14396 0
14397 0
14398 0
14399 0
14400 0
14401 0
14402 0
14403 0
14404 0
14405 0
14406 0
14407 0
14408 0
14409 0
14410 0
14411 0
14412 0
14413 0
14414 0
14415 0
14416 0
14417 0
14418 0
14419 0
14420 0
14421 0
14422 0
14423 0
14424 0
14425 0
14426 0
14427 0
14428 0
14429 0
14430 0
14431 0
14432 0
14433 0
14434 0
14435 0
14436 0
14437 0
14438 0
14439 0
14440 0
14441 0
14442 0
14443 0
14444 0
14445 0
14446 0
14447 0
14448 0
14449 0
14450 0
14451 0
14452 0
14453 0
14454 0
14455 0
14456 17
14457 93
14458 100
14459 100
14460 100
14461 100
14462 100
14463 100
14464 100
14465 100
14466 100
14467 100
14468 100
14469 100
14470 100
14471 100
14472 100
14473 100
14474 100
14475 100
14476 100
14477 100
14478 100
14479 100
14480 100
14481 100
14482 100
14483 100
14484 100
14485 100
14486 100
14487 100
14488 100
14489 100
14490 100
14491 100
14492 100
14493 100
14494 100
14495 100
14496 100
14497 100
14498 100
14499 100
14500 100
14501 100
14502 100
14503 100
14504 100
14505 100
14506 100
14507 100
14508 87
14509 30
14510 21
14511 0
14512 0
14513 0
14514 0
14515 0
14516 0
14517 0
14518 0
14519 0
14520 0
14521 0
14522 0
14523 0
14524 0
14525 0
14526 0
14527 0
14528 0
14529 0
14530 0
14531 0
14532 0
14533 0
14534 0
14535 0
14536 0
14537 0
14538 0
14539 0
14540 0
14541 0
14542 0
14543 0
14544 0
14545 0
14546 0
14547 0
14548 0
14549 0
14550 0
14551 0
14552 0
14553 0
14554 0
14555 0
14556 0
14557 0
14558 0
14559 0
14560 0
14561 0
14562 0
14563 0
14564 0
14565 0
14566 0
14567 0
14568 0
14569 0
14570 0
14571 0
14572 0
14573 0
14574 0
14575 0
14576 0
14577 0
14578 0
14579 0
14580 0
14581 0
14582 0
14583 0
14584 0
14585 0
14586 0
14587 0
14588 0
14589 0
14590 0
14591 0
14592 0
14593 0
14594 0
14595 0
14596 0
14597 0
14598 0
14599 0
14600 0
14601 0
14602 0
14603 0
14604 0
14605 0
14606 0
14607 0
14608 0
14609 0
14610 0
14611 0
14612 0
14613 0
14614 0
14615 0
14616 0
14617 0
14618 0
14619 0
14620 0
14621 0
14622 0
14623 0
14624 0
14625 0
14626 0
14627 0
14628 0
14629 0
14630 0
14631 0
14632 0
14633 0
14634 0
14635 0
14636 0
14637 0
14638 0
14639 0
14640 0
14641 0
14642 0
14643 0
14644 0
14645 0
14646 0
14647 0
14648 0
14649 0
14650 0
14651 0
14652 0
14653 0
14654 0
14655 0
14656 0
14657 0
14658 0
14659 0
14660 0
14661 0
14662 17
14663 93
14664 100
14665 100
14666 100
14667 100
14668 100
14669 100
14670 100
14671 100
14672 100
14673 100
14674 100
14675 100
14676 100
14677 100
14678 100
14679 100
14680 100
14681 100
14682 100
14683 100
14684 100
14685 100
14686 100
14687 100
14688 100
14689 100
14690 100
14691 100
14692 100
14693 100
14694 100
14695 100
14696 100
14697 100
14698 100
14699 100
14700 100
14701 100
14702 100
14703 100
14704 100
14705 100
14706 100
14707 100
14708 100
14709 100
14710 100
14711 100
14712 100
14713 100
14714 87
14715 30
14716 21
14717 0
14718 0
14719 0
14720 0
14721 0
14722 0
14723 0
14724 0
14725 0
14726 0
14727 0
14728 0
14729 0
14730 0
14731 0
14732 0
14733 0
14734 0
14735 0
14736 0
14737 0
14738 0
14739 0
14740 0
14741 0
14742 0
14743 0
14744 0
14745 0
14746 0
14747 0
14748 0
14749 0
14750 0
14751 0
14752 0
14753 0
14754 0
14755 0
14756 0
14757 0
14758 0
14759 0
14760 0
14761 0
14762 0
14763 0
14764 0
14765 0
14766 0
14767 0
14768 0
14769 0
14770 0
14771 0
14772 0
14773 0
14774 0
14775 0
14776 0
14777 0
14778 0
14779 0
14780 0
14781 0
14782 0
14783 0
14784 0
14785 0
14786 0
14787 0
14788 0
14789 0
14790 0
14791 0
14792 0
14793 0
14794 0
14795 0
14796 0
14797 0
14798 0
14799 0
14800 0
14801 0
14802 0
14803 0
14804 0
14805 0
14806 0
14807 0
14808 0
14809 0
14810 0
14811 0
14812 0
14813 0
14814 0
14815 0
14816 0
14817 0
14818 0
14819 0
14820 0
14821 0
14822 0
14823 0
14824 0
14825 0
14826 0
14827 0
14828 0
14829 0
14830 0
14831 0
14832 9
14833 32
14834 51
14835 67
14836 76
14837 86
14838 100
14839 100
14840 100
14841 100
14842 100
14843 100
14844 100
14845 100
14846 100
14847 100
14848 100
14849 100
14850 100
14851 100
14852 100
14853 100
14854 100
14855 100
14856 100
14857 100
14858 100
14859 100
14860 100
14861 100
14862 100
14863 100
14864 100
14865 100
14866 100
14867 100
14868 100
14869 100
14870 100
14871 100
14872 100
14873 100
14874 100
14875 100
14876 100
14877 100
14878 100
14879 100
14880 100
14881 100
14882 100
14883 100
14884 100
14885 100
14886 88
14887 22
14888 22
14889 19
14890 16
14891 8
14892 13
14893 0
14894 0
14895 0
14896 0
14897 0
14898 0
14899 0
14900 0
14901 0
14902 0
14903 0
14904 0
14905 0
14906 0
14907 0
14908 0
14909 0
14910 0
14911 0
14912 0
14913 0
14914 0
14915 0
14916 0
14917 0
14918 0
14919 0
14920 0
14921 0
14922 0
14923 0
14924 0
14925 0
14926 0
14927 0
14928 0
14929 0
14930 0
14931 0
14932 0
14933 0
14934 0
14935 0
14936 0
14937 0
14938 0
14939 0
14940 0
14941 0
14942 0
14943 0
14944 0
14945 0
14946 0
14947 0
14948 0
14949 0
14950 0
14951 0
14952 0
14953 0
14954 0
14955 0
14956 0
14957 0
14958 0
14959 0
14960 0
14961 0
14962 0
14963 0
14964 0
14965 0
14966 0
14967 0
14968 0
14969 0
14970 0
14971 0
14972 0
14973 0
14974 0
14975 0
14976 0
14977 0
14978 0
14979 0
14980 0
14981 0
14982 0
14983 0
14984 0
14985 0
14986 0
14987 0
14988 0
14989 0
14990 0
14991 0
14992 0
14993 0
14994 0
14995 0
14996 0
14997 0
14998 0
14999 0
Soms 15000
0 5 2
1 2 4
2 5 2
3 2 4
4 0 0
15000 0
15001 0
15002 0
15003 0
15004 0
15005 0
15006 0
15007 0
15008 0
15009 0
15010 0
15011 0
15012 0
15013 0
15014 0
15015 0
15016 0
15017 0
15018 0
15019 0
15020 0
15021 0
15022 0
15023 0
15024 0
15025 0
15026 0
15027 0
15028 0
15029 0
15030 0
15031 0
15032 0
15033 0
15034 0
15035 0
15036 0
15037 0
15038 0
15039 0
15040 0
15041 0
15042 0
15043 0
15044 0
15045 0
15046 0
15047 0
15048 0
15049 0
15050 0
15051 0
15052 0
15053 0
15054 0
15055 0
15056 0
15057 0
15058 0
15059 0
15060 0
15061 0
15062 0
15063 0
15064 0
15065 0
15066 0
15067 0
15068 0
15069 0
15070 0
15071 0
15072 0
15073 0
15074 0
15075 6
15076 28
15077 49
15078 65
15079 76
15080 86
15081 100
15082 100
15083 100
15084 100
15085 100
15086 100
15087 100
15088 100
15089 100
15090 100
15091 100
15092 100
15093 100
15094 100
15095 100
15096 100
15097 100
15098 100
15099 100
15100 100
15101 100
15102 100
15103 100
15104 100
15105 100
15106 100
15107 100
15108 100
15109 100
15110 100
15111 100
15112 100
15113 100
15114 100
15115 100
15116 100
15117 100
15118 100
15119 100
15120 100
15121 100
15122 100
15123 100
15124 100
15125 100
15126 100
15127 100
15128 100
15129 91
15130 32
15131 14
15132 24
15133 17
15134 17
15135 1
15136 0
15137 0
15138 0
15139 0
15140 0
15141 0
15142 0
15143 0
15144 0
15145 0
15146 0
15147 0
15148 0
15149 0
15150 0
15151 0
15152 0
15153 0
15154 0
15155 0
15156 0
15157 0
15158 0
15159 0
15160 0
15161 0
15162 0
15163 0
15164 0
15165 0
15166 0
15167 0
15168 0
15169 0
15170 0
15171 0
15172 0
15173 0
15174 0
15175 0
15176 0
15177 0
15178 0
15179 0
15180 0
15181 0
15182 0
15183 0
15184 0
15185 0
15186 0
15187 0
15188 0
15189 0
15190 0
15191 0
15192 0
15193 0
15194 0
15195 0
15196 0
15197 0
15198 0
15199 0
15200 0
15201 0
15202 0
15203 1
15204 1
15205 9
15206 72
15207 100
15208 100
15209 100
15210 100
15211 100
15212 100
15213 100
15214 100
15215 100
15216 100
15217 100
15218 100
15219 100
15220 100
15221 100
15222 100
15223 100
15224 100
15225 100
15226 100
15227 100
15228 100
15229 100
15230 100
15231 100
15232 100
15233 100
15234 100
15235 100
15236 100
15237 100
15238 100
15239 100
15240 100
15241 100
15242 100
15243 100
15244 100
15245 100
15246 100
15247 100
15248 100
15249 100
15250 100
15251 100
15252 100
15253 100
15254 100
15255 100
15256 100
15257 100
15258 58
15259 26
15260 20
15261 7
15262 0
15263 0
15264 0
15265 0
15266 0
15267 0
15268 0
15269 0
15270 0
15271 0
15272 0
15273 0
15274 0
15275 0
15276 0
15277 0
15278 0
15279 0
15280 0
15281 0
15282 0
15283 0
15284 0
15285 0
15286 0
15287 0
15288 0
15289 0
15290 0
15291 0
15292 0
15293 0
15294 0
15295 0
15296 0
15297 0
15298 0
15299 0
15300 0
15301 0
15302 0
15303 0
15304 0
15305 0
15306 0
15307 0
15308 0
15309 0
15310 0
15311 0
15312 0
15313 0
15314 0
15315 0
15316 0
15317 0
15318 0
15319 0
15320 0
15321 0
15322 0
15323 0
15324 0
15325 0
15326 0
15327 0
15328 0
15329 0
15330 0
15331 0
15332 0
15333 0
15334 0
15335 0
15336 0
15337 0
15338 0
15339 0
15340 0
15341 0
15342 0
15343 0
15344 0
15345 0
15346 0
15347 0
15348 0
15349 0
15350 0
15351 0
15352 0
15353 0
15354 0
15355 0
15356 0
15357 0
15358 0
15359 0
15360 0
15361 0
15362 0
15363 0
15364 0
15365 0
15366 0
15367 0
15368 0
15369 0
15370 0
15371 0
15372 0
15373 0
15374 0
15375 0
15376 0
15377 0
15378 0
15379 0
15380 0
15381 0
15382 0
15383 0
15384 0
15385 0
15386 0
15387 0
15388 0
15389 0
15390 0
15391 0
15392 0
15393 0
15394 0
15395 0
15396 0
15397 0
15398 0
15399 0
15400 0
15401 0
15402 0
15403 0
15404 0
15405 0
15406 0
15407 0
15408 0
15409 0
15410 0
15411 0
15412 0
15413 0
15414 0
15415 0
15416 0
15417 0
15418 0
15419 0
15420 0
15421 0
15422 0
15423 49
15424 100
15425 100
15426 100
15427 100
15428 100
15429 100
15430 100
15431 100
15432 100
15433 100
15434 100
15435 100
15436 100
15437 100
15438 100
15439 100
15440 100
15441 100
15442 100
15443 100
15444 100
15445 100
15446 100
15447 100
15448 100
15449 100
15450 100
15451 100
15452 100
15453 100
15454 100
15455 100
15456 100
15457 100
15458 100
15459 100
15460 100
15461 100
15462 100
15463 100
15464 100
15465 100
15466 100
15467 100
15468 100
15469 100
15470 100
15471 100
15472 100
15473 100
15474 100
15475 64
15476 20
15477 31
15478 12
15479 0
15480 0
15481 0
15482 0
15483 0
15484 0
15485 0
15486 0
15487 0
15488 0
15489 0
15490 0
15491 0
15492 0
15493 0
15494 0
15495 0
15496 0
15497 0
15498 0
15499 0
15500 0
15501 0
15502 0
15503 0
15504 0
15505 0
15506 0
15507 0
15508 0
15509 0
15510 0
15511 0
15512 0
15513 0
15514 0
15515 0
15516 0
15517 0
15518 0
15519 0
15520 0
15521 0
15522 0
15523 0
15524 0
15525 0
15526 0
15527 0
15528 0
15529 0
15530 0
15531 0
15532 0
15533 0
15534 0
15535 0
15536 0
15537 0
15538 0
15539 0
15540 0
15541 0
15542 0
15543 0
15544 0
15545 0
15546 0
15547 0
15548 0
15549 0
15550 0
15551 0
15552 0
15553 0
15554 0
15555 0
15556 0
15557 0
15558 0
15559 0
15560 0
15561 0
15562 0
15563 0
15564 0
15565 0
15566 0
15567 0
15568 0
15569 0
15570 0
15571 0
15572 0
15573 0
15574 0
15575 0
15576 0
15577 0
15578 0
15579 0
15580 0
15581 0
15582 0
15583 0
15584 0
15585 0
15586 0
15587 0
15588 0
15589 0
15590 0
15591 0
15592 0
15593 0
15594 0
15595 0
15596 0
15597 0
15598 0
15599 0
15600 0
15601 0
15602 0
15603 0
15604 0
15605 0
15606 0
15607 0
15608 0
15609 0
15610 0
15611 0
15612 0
15613 0
15614 0
15615 0
15616 0
15617 0
15618 0
15619 0
15620 0
15621 0
15622 0
15623 0
15624 0
15625 0
15626 0
15627 0
15628 0
15629 49
15630 100
15631 100
15632 100
15633 100
15634 100
15635 100
15636 100
15637 100
15638 100
15639 100
15640 100
15641 100
15642 100
15643 100
15644 100
15645 100
15646 100
15647 100
15648 100
15649 100
15650 100
15651 100
15652 100
15653 100
15654 100
15655 100
15656 100
15657 100
15658 100
15659 100
15660 100
15661 100
15662 100
15663 100
15664 100
15665 100
15666 100
15667 100
15668 100
15669 100
15670 100
15671 100
15672 100
15673 100
15674 100
15675 100
15676 100
15677 100
15678 100
15679 100
15680 100
15681 64
15682 20
15683 31
15684 12
15685 0
15686 0
15687 0
15688 0
15689 0
15690 0
15691 0
15692 0
15693 0
15694 0
15695 0
15696 0
15697 0
15698 0
15699 0
15700 0
15701 0
15702 0
15703 0
15704 0
15705 0
15706 0
15707 0
15708 0
15709 0
15710 0
15711 0
15712 0
15713 0
15714 0
15715 0
15716 0
15717 0
15718 0
15719 0
15720 0
15721 0
15722 0
15723 0
15724 0
15725 0
15726 0
15727 0
15728 0
15729 0
15730 0
15731 0
15732 0
15733 0
15734 0
15735 0
15736 0
15737 0
15738 0
15739 0
15740 0
15741 0
15742 0
15743 0
15744 0
15745 0
15746 0
15747 0
15748 0
15749 0
15750 0
15751 0
15752 0
15753 0
15754 0
15755 0
15756 0
15757 0
15758 0
15759 0
15760 0
15761 0
15762 0
15763 0
15764 0
15765 0
15766 0
15767 0
15768 0
15769 0
15770 0
15771 0
15772 0
15773 0
15774 0
15775 0
15776 0
15777 0
15778 0
15779 0
15780 0
15781 0
15782 0
15783 0
15784 0
15785 0
15786 0
15787 0
15788 0
15789 0
15790 0
15791 0
15792 0
15793 0
15794 0
15795 0
15796 0
15797 0
15798 0
15799 0
15800 0
15801 0
15802 6
15803 28
15804 49
15805 65
15806 76
15807 86
15808 100
15809 100
15810 100
15811 100
15812 100
15813 100
15814 100
15815 100
15816 100
15817 100
15818 100
15819 100
15820 100
15821 100
15822 100
15823 100
15824 100
15825 100
15826 100
15827 100
15828 100
15829 100
15830 100
15831 100
15832 100
15833 100
15834 100
15835 100
15836 100
15837 100
15838 100
15839 100
15840 100
15841 100
15842 100
15843 100
15844 100
15845 100
15846 100
15847 100
15848 100
15849 100
15850 100
15851 100
15852 100
15853 100
15854 100
15855 100
15856 91
15857 32
15858 14
15859 24
15860 17
15861 17
15862 1
15863 0
15864 0
15865 0
15866 0
15867 0
15868 0
15869 0
15870 0
15871 0
15872 0
15873 0
15874 0
15875 0
15876 0
15877 0
15878 0
15879 0
15880 0
15881 0
15882 0
15883 0
15884 0
15885 0
15886 0
15887 0
15888 0
15889 0
15890 0
15891 0
15892 0
15893 0
15894 0
15895 0
15896 0
15897 0
15898 0
15899 0
15900 0
15901 0
15902 0
15903 0
15904 0
15905 0
15906 0
15907 0
15908 0
15909 0
15910 0
15911 0
15912 0
15913 0
15914 0
15915 0
15916 0
15917 0
15918 0
15919 0
15920 0
15921 0
15922 0
15923 0
15924 0
15925 0
15926 0
15927 0
15928 0
15929 0
15930 0
15931 0
15932 0
15933 0
15934 0
15935 0
15936 0
15937 0
15938 0
15939 0
15940 0
15941 0
15942 0
15943 0
15944 0
15945 0
15946 0
15947 0
15948 0
15949 0
15950 0
15951 0
15952 0
15953 0
15954 0
15955 0
15956 0
15957 0
15958 0
15959 0
15960 0
15961 0
15962 0
15963 0
15964 0
15965 0
15966 0
15967 0
15968 0
15969 0
15970 0
15971 0
15972 0
15973 0
15974 0
15975 0
15976 0
15977 0
15978 0
15979 0
15980 0
15981 0
15982 0
15983 0
15984 0
15985 0
15986 0
15987 0
15988 0
15989 0
15990 0
15991 0
15992 0
15993 0
15994 0
15995 0
15996 0
15997 0
15998 0
15999 0
16000 0
16001 0
16002 0
16003 0
16004 0
16005 0
16006 0
16007 0
16008 0
16009 0
16010 0
16011 0
16012 0
16013 0
16014 0
16015 0
16016 0
16017 0
16018 0
16019 0
16020 0
16021 0
16022 0
16023 0
16024 0
16025 0
16026 0
16027 0
16028 0
16029 0
16030 0
16031 0
16032 0
16033 0
16034 0
16035 0
16036 0
16037 0
16038 0
16039 0
16040 0
16041 0
16042 0
16043 0
16044 0
16045 9
16046 32
16047 51
16048 67
16049 76
16050 86
16051 100
16052 100
16053 100
16054 100
16055 100
16056 100
16057 100
16058 100
16059 100
16060 100
16061 100
16062 100
16063 100
16064 100
16065 100
16066 100
16067 100
16068 100
16069 100
16070 100
16071 100
16072 100
16073 100
16074 100
16075 100
16076 100
16077 100
16078 100
16079 100
16080 100
16081 100
16082 100
16083 100
16084 100
16085 100
16086 100
16087 100
16088 100
16089 100
16090 100
16091 100
16092 100
16093 100
16094 100
16095 100
16096 100
16097 100
16098 100
16099 88
16100 22
16101 22
16102 19
16103 16
16104 8
16105 13
16106 0
16107 0
16108 0
16109 0
16110 0
16111 0
16112 0
16113 0
16114 0
16115 0
16116 0
16117 0
16118 0
16119 0
16120 0
16121 0
16122 0
16123 0
16124 0
16125 0
16126 0
16127 0
16128 0
16129 0
16130 0
16131 0
16132 0
16133 0
16134 0
16135 0
16136 0
16137 0
16138 0
16139 0
16140 0
16141 0
16142 0
16143 0
16144 0
16145 0
16146 0
16147 0
16148 0
16149 0
16150 0
16151 0
16152 0
16153 0
16154 0
16155 0
16156 0
16157 0
16158 0
16159 0
16160 0
16161 0
16162 0
16163 0
16164 0
16165 0
16166 0
16167 0
16168 0
16169 0
16170 0
16171 0
16172 0
16173 0
16174 3
16175 3
16176 58
16177 88
16178 100
16179 100
16180 100
16181 100
16182 100
16183 100
16184 100
16185 100
16186 100
16187 100
16188 100
16189 100
16190 100
16191 100
16192 100
16193 100
16194 100
16195 100
16196 100
16197 100
16198 100
16199 100
16200 100
16201 100
16202 100
16203 100
16204 100
16205 100
16206 100
16207 100
16208 100
16209 100
16210 100
16211 100
16212 100
16213 100
16214 100
16215 100
16216 100
16217 100
16218 100
16219 100
16220 100
16221 100
16222 100
16223 100
16224 100
16225 100
16226 100
16227 100
16228 74
16229 33
16230 28
16231 0
16232 0
16233 0
16234 0
16235 0
16236 0
16237 0
16238 0
16239 0
16240 0
16241 0
16242 0
16243 0
16244 0
16245 0
16246 0
16247 0
16248 0
16249 0
16250 0
16251 0
16252 0
16253 0
16254 0
16255 0
16256 0
16257 0
16258 0
16259 0
16260 0
16261 0
16262 0
16263 0
16264 0
16265 0
16266 0
16267 0
16268 0
16269 0
16270 0
16271 0
16272 0
16273 0
16274 0
16275 0
16276 0
16277 0
16278 0
16279 0
16280 0
16281 0
16282 0
16283 0
16284 0
16285 0
16286 0
16287 0
16288 0
16289 0
16290 0
16291 0
16292 0
16293 0
16294 0
16295 0
16296 0
16297 0
16298 0
16299 0
16300 0
16301 0
16302 0
16303 0
16304 0
16305 0
16306 0
16307 0
16308 0
16309 0
16310 0
16311 0
16312 0
16313 0
16314 0
16315 0
16316 0
16317 0
16318 0
16319 0
16320 0
16321 0
16322 0
16323 0
16324 0
16325 0
16326 0
16327 0
16328 0
16329 0
16330 0
16331 0
16332 0
16333 0
16334 0
16335 0
16336 0
16337 0
16338 0
16339 0
16340 0
16341 0
16342 0
16343 0
16344 0
16345 0
16346 0
16347 0
16348 0
16349 0
16350 0
16351 0
16352 0
16353 0
16354 0
16355 0
16356 0
16357 0
16358 0
16359 0
16360 0
16361 0
16362 0
16363 0
16364 0
16365 0
16366 0
16367 0
16368 0
16369 0
16370 0
16371 0
16372 0
16373 0
16374 0
16375 0
16376 0
16377 0
16378 0
16379 0
16380 0
16381 0
16382 0
16383 0
16384 0
16385 0
16386 0
16387 0
16388 0
16389 0
16390 29
16391 76
16392 100
16393 100
16394 100
16395 100
16396 100
16397 100
16398 100
16399 100
16400 100
16401 100
16402 100
16403 100
16404 100
16405 100
16406 100
16407 100
16408 100
16409 100
16410 100
16411 100
16412 100
16413 100
16414 100
16415 100
16416 100
16417 100
16418 100
16419 100
16420 100
16421 100
16422 100
16423 100
16424 100
16425 100
16426 100
16427 100
16428 100
16429 100
16430 100
16431 100
16432 100
16433 100
16434 100
16435 100
16436 100
16437 100
16438 100
16439 100
16440 100
16441 100
16442 90
16443 36
16444 26
16445 23
16446 4
16447 4
16448 12
16449 0
16450 0
16451 0
16452 0
16453 0
16454 0
16455 0
16456 0
16457 0
16458 0
16459 0
16460 0
16461 0
16462 0
16463 0
16464 0
16465 0
16466 0
16467 0
16468 0
16469 0
16470 0
16471 0
16472 0
16473 0
16474 0
16475 0
16476 0
16477 0
16478 0
16479 0
16480 0
16481 0
16482 0
16483 0
16484 0
16485 0
16486 0
16487 0
16488 0
16489 0
16490 0
16491 0
16492 0
16493 0
16494 0
16495 0
16496 0
16497 0
16498 0
16499 0
16500 0
16501 0
16502 0
16503 0
16504 0
16505 0
16506 0
16507 0
16508 0
16509 0
16510 0
16511 0
16512 0
16513 0
16514 0
16515 0
16516 0
16517 0
16518 0
16519 0
16520 0
16521 0
16522 0
16523 0
16524 0
16525 0
16526 0
16527 0
16528 0
16529 0
16530 0
16531 0
16532 0
16533 0
16534 0
16535 0
16536 0
16537 0
16538 0
16539 0
16540 0
16541 0
16542 0
16543 0
16544 0
16545 0
16546 0
16547 0
16548 0
16549 0
16550 0
16551 0
16552 0
16553 0
16554 0
16555 0
16556 0
16557 0
16558 0
16559 0
16560 0
16561 0
16562 0
16563 0
16564 0
16565 0
16566 0
16567 0
16568 0
16569 0
16570 0
16571 0
16572 0
16573 0
16574 0
16575 0
16576 0
16577 0
16578 0
16579 0
16580 0
16581 0
16582 0
16583 0
16584 0
16585 0
16586 0
16587 0
16588 0
16589 0
16590 0
16591 0
16592 0
16593 0
16594 0
16595 0
16596 29
16597 76
16598 100
16599 100
16600 100
16601 100
16602 100
16603 100
16604 100
16605 100
16606 100
16607 100
16608 100
16609 100
16610 100
16611 100
16612 100
16613 100
16614 100
16615 100
16616 100
16617 100
16618 100
16619 100
16620 100
16621 100
16622 100
16623 100
16624 100
16625 100
16626 100
16627 100
16628 100
16629 100
16630 100
16631 100
16632 100
16633 100
16634 100
16635 100
16636 100
16637 100
16638 100
16639 100
16640 100
16641 100
16642 100
16643 100
16644 100
16645 100
16646 100
16647 100
16648 90
16649 36
16650 26
16651 23
16652 4
16653 4
16654 12
16655 0
16656 0
16657 0
16658 0
16659 0
16660 0
16661 0
16662 0
16663 0
16664 0
16665 0
16666 0
16667 0
16668 0
16669 0
16670 0
16671 0
16672 0
16673 0
16674 0
16675 0
16676 0
16677 0
16678 0
16679 0
16680 0
16681 0
16682 0
16683 0
16684 0
16685 0
16686 0
16687 0
16688 0
16689 0
16690 0
16691 0
16692 0
16693 0
16694 0
16695 0
16696 0
16697 0
16698 0
16699 0
16700 0
16701 0
16702 0
16703 0
16704 0
16705 0
16706 0
16707 0
16708 0
16709 0
16710 0
16711 0
16712 0
16713 0
16714 0
16715 0
16716 0
16717 0
16718 0
16719 0
16720 0
16721 0
16722 0
16723 0
16724 0
16725 0
16726 0
16727 0
16728 0
16729 0
16730 0
16731 0
16732 0
16733 0
16734 0
16735 0
16736 0
16737 0
16738 0
16739 0
16740 0
16741 0
16742 0
16743 0
16744 0
16745 0
16746 0
16747 0
16748 0
16749 0
16750 0
16751 0
16752 0
16753 0
16754 0
16755 0
16756 0
16757 0
16758 0
16759 0
16760 0
16761 0
16762 0
16763 0
16764 0
16765 0
16766 0
16767 0
16768 0
16769 0
16770 0
16771 0
16772 9
16773 32
16774 51
16775 67
16776 76
16777 86
16778 100
16779 100
16780 100
16781 100
16782 100
16783 100
16784 100
16785 100
16786 100
16787 100
16788 100
16789 100
16790 100
16791 100
16792 100
16793 100
16794 100
16795 100
16796 100
16797 100
16798 100
16799 100
16800 100
16801 100
16802 100
16803 100
16804 100
16805 100
16806 100
16807 100
16808 100
16809 100
16810 100
16811 100
16812 100
16813 100
16814 100
16815 100
16816 100
16817 100
16818 100
16819 100
16820 100
16821 100
16822 100
16823 100
16824 100
16825 100
16826 88
16827 22
16828 22
16829 19
16830 16
16831 8
16832 13
16833 0
16834 0
16835 0
16836 0
16837 0
16838 0
16839 0
16840 0
16841 0
16842 0
16843 0
16844 0
16845 0
16846 0
16847 0
16848 0
16849 0
16850 0
16851 0
16852 0
16853 0
16854 0
16855 0
16856 0
16857 0
16858 0
16859 0
16860 0
16861 0
16862 0
16863 0
16864 0
16865 0
16866 0
16867 0
16868 0
16869 0
16870 0
16871 0
16872 0
16873 0
16874 0
16875 0
16876 0
16877 0
16878 0
16879 0
16880 0
16881 0
16882 0
16883 0
16884 0
16885 0
16886 0
16887 0
16888 0
16889 0
16890 0
16891 0
16892 0
16893 0
16894 0
16895 0
16896 0
16897 0
16898 0
16899 0
16900 0
16901 0
16902 0
16903 0
16904 0
16905 0
16906 0
16907 0
16908 0
16909 0
16910 0
16911 0
16912 0
16913 0
16914 0
16915 0
16916 0
16917 0
16918 0
16919 0
16920 0
16921 0
16922 0
16923 0
16924 0
16925 0
16926 0
16927 0
16928 0
16929 0
16930 0
16931 0
16932 0
16933 0
16934 0
16935 0
16936 0
16937 0
16938 0
16939 0
16940 0
16941 0
16942 0
16943 0
16944 0
16945 0
16946 0
16947 0
16948 0
16949 0
16950 0
16951 0
16952 0
16953 0
16954 0
16955 0
16956 0
16957 0
16958 0
16959 0
16960 0
16961 0
16962 0
16963 0
16964 0
16965 0
16966 0
16967 0
16968 0
16969 0
16970 0
16971 0
16972 0
16973 0
16974 0
16975 0
16976 0
16977 0
16978 0
16979 0
16980 0
16981 0
16982 0
16983 0
16984 0
16985 0
16986 0
16987 0
16988 0
16989 0
16990 0
16991 0
16992 0
16993 0
16994 0
16995 0
16996 0
16997 0
16998 0
16999 0
17000 0
17001 0
17002 0
17003 0
17004 0
17005 0
17006 0
17007 0
17008 0
17009 0
17010 0
17011 0
17012 0
17013 0
17014 0
17015 6
17016 28
17017 49
17018 65
17019 76
17020 86
17021 100
17022 100
17023 100
17024 100
17025 100
17026 100
17027 100
17028 100
17029 100
17030 100
17031 100
17032 100
17033 100
17034 100
17035 100
17036 100
17037 100
17038 100
17039 100
17040 100
17041 100
17042 100
17043 100
17044 100
17045 100
17046 100
17047 100
17048 100
17049 100
17050 100
17051 100
17052 100
17053 100
17054 100
17055 100
17056 100
17057 100
17058 100
17059 100
17060 100
17061 100
17062 100
17063 100
17064 100
17065 100
17066 100
17067 100
17068 100
17069 91
17070 32
17071 14
17072 24
17073 17
17074 17
17075 1
17076 0
17077 0
17078 0
17079 0
17080 0
17081 0
17082 0
17083 0
17084 0
17085 0
17086 0
17087 0
17088 0
17089 0
17090 0
17091 0
17092 0
17093 0
17094 0
17095 0
17096 0
17097 0
17098 0
17099 0
17100 0
17101 0
17102 0
17103 0
17104 0
17105 0
17106 0
17107 0
17108 0
17109 0
17110 0
17111 0
17112 0
17113 0
17114 0
17115 0
17116 0
17117 0
17118 0
17119 0
17120 0
17121 0
17122 0
17123 0
17124 0
17125 0
17126 0
17127 0
17128 0
17129 0
17130 0
17131 0
17132 0
17133 0
17134 0
17135 0
17136 0
17137 0
17138 0
17139 0
17140 0
17141 0
17142 0
17143 2
17144 29
17145 51
17146 78
17147 90
17148 100
17149 100
17150 100
17151 100
17152 100
17153 100
17154 100
17155 100
17156 100
17157 100
17158 100
17159 100
17160 100
17161 100
17162 100
17163 100
17164 100
17165 100
17166 100
17167 100
17168 100
17169 100
17170 100
17171 100
17172 100
17173 100
17174 100
17175 100
17176 100
17177 100
17178 100
17179 100
17180 100
17181 100
17182 100
17183 100
17184 100
17185 100
17186 100
17187 100
17188 100
17189 100
17190 100
17191 100
17192 100
17193 100
17194 100
17195 100
17196 100
17197 76
17198 24
17199 18
17200 7
17201 0
17202 0
17203 0
17204 0
17205 0
17206 0
17207 0
17208 0
17209 0
17210 0
17211 0
17212 0
17213 0
17214 0
17215 0
17216 0
17217 0
17218 0
17219 0
17220 0
17221 0
17222 0
17223 0
17224 0
17225 0
17226 0
17227 0
17228 0
17229 0
17230 0
17231 0
17232 0
17233 0
17234 0
17235 0
17236 0
17237 0
17238 0
17239 0
17240 0
17241 0
17242 0
17243 0
17244 0
17245 0
17246 0
17247 0
17248 0
17249 0
17250 0
17251 0
17252 0
17253 0
17254 0
17255 0
17256 0
17257 0
17258 0
17259 0
17260 0
17261 0
17262 0
17263 0
17264 0
17265 0
17266 0
17267 0
17268 0
17269 0
17270 0
17271 0
17272 0
17273 0
17274 0
17275 0
17276 0
17277 0
17278 0
17279 0
17280 0
17281 0
17282 0
17283 0
17284 0
17285 0
17286 0
17287 0
17288 0
17289 0
17290 0
17291 0
17292 0
17293 0
17294 0
17295 0
17296 0
17297 0
17298 0
17299 0
17300 0
17301 0
17302 0
17303 0
17304 0
17305 0
17306 0
17307 0
17308 0
17309 0
17310 0
17311 0
17312 0
17313 0
17314 0
17315 0
17316 0
17317 0
17318 0
17319 0
17320 0
17321 0
17322 0
17323 0
17324 0
17325 0
17326 0
17327 0
17328 0
17329 0
17330 0
17331 0
17332 0
17333 0
17334 0
17335 0
17336 0
17337 0
17338 0
17339 0
17340 0
17341 0
17342 0
17343 0
17344 0
17345 0
17346 0
17347 0
17348 0
17349 0
17350 0
17351 0
17352 0
17353 0
17354 0
17355 0
17356 0
17357 0
17358 10
17359 38
17360 55
17361 71
17362 79
17363 86
17364 100
17365 100
17366 100
17367 100
17368 100
17369 100
17370 100
17371 100
17372 100
17373 100
17374 100
17375 100
17376 100
17377 100
17378 100
17379 100
17380 100
17381 100
17382 100
17383 100
17384 100
17385 100
17386 100
17387 100
17388 100
17389 100
17390 100
17391 100
17392 100
17393 100
17394 100
17395 100
17396 100
17397 100
17398 100
17399 100
17400 100
17401 100
17402 100
17403 100
17404 100
17405 100
17406 100
17407 100
17408 100
17409 100
17410 100
17411 100
17412 83
17413 23
17414 34
17415 0
17416 0
17417 0
17418 0
17419 0
17420 0
17421 0
17422 0
17423 0
17424 0
17425 0
17426 0
17427 0
17428 0
17429 0
17430 0
17431 0
17432 0
17433 0
17434 0
17435 0
17436 0
17437 0
17438 0
17439 0
17440 0
17441 0
17442 0
17443 0
17444 0
17445 0
17446 0
17447 0
17448 0
17449 0
17450 0
17451 0
17452 0
17453 0
17454 0
17455 0
17456 0
17457 0
17458 0
17459 0
17460 0
17461 0
17462 0
17463 0
17464 0
17465 0
17466 0
17467 0
17468 0
17469 0
17470 0
17471 0
17472 0
17473 0
17474 0
17475 0
17476 0
17477 0
17478 0
17479 0
17480 0
17481 0
17482 0
17483 0
17484 0
17485 0
17486 0
17487 0
17488 0
17489 0
17490 0
17491 0
17492 0
17493 0
17494 0
17495 0
17496 0
17497 0
17498 0
17499 0
17500 0
17501 0
17502 0
17503 0
17504 0
17505 0
17506 0
17507 0
17508 0
17509 0
17510 0
17511 0
17512 0
17513 0
17514 0
17515 0
17516 0
17517 0
17518 0
17519 0
17520 0
17521 0
17522 0
17523 0
17524 0
17525 0
17526 0
17527 0
17528 0
17529 0
17530 0
17531 0
17532 0
17533 0
17534 0
17535 0
17536 0
17537 0
17538 0
17539 0
17540 0
17541 0
17542 0
17543 0
17544 0
17545 0
17546 0
17547 0
17548 0
17549 0
17550 0
17551 0
17552 0
17553 0
17554 0
17555 0
17556 0
17557 0
17558 0
17559 0
17560 0
17561 0
17562 0
17563 0
17564 10
17565 38
17566 55
17567 71
17568 79
17569 86
17570 100
17571 100
17572 100
17573 100
17574 100
17575 100
17576 100
17577 100
17578 100
17579 100
17580 100
17581 100
17582 100
17583 100
17584 100
17585 100
17586 100
17587 100
17588 100
17589 100
17590 100
17591 100
17592 100
17593 100
17594 100
17595 100
17596 100
17597 100
17598 100
17599 100
17600 100
17601 100
17602 100
17603 100
17604 100
17605 100
17606 100
17607 100
17608 100
17609 100
17610 100
17611 100
17612 100
17613 100
17614 100
17615 100
17616 100
17617 100
17618 83
17619 23
17620 34
17621 0
17622 0
17623 0
17624 0
17625 0
17626 0
17627 0
17628 0
17629 0
17630 0
17631 0
17632 0
17633 0
17634 0
17635 0
17636 0
17637 0
17638 0
17639 0
17640 0
17641 0
17642 0
17643 0
17644 0
17645 0
17646 0
17647 0
17648 0
17649 0
17650 0
17651 0
17652 0
17653 0
17654 0
17655 0
17656 0
17657 0
17658 0
17659 0
17660 0
17661 0
17662 0
17663 0
17664 0
17665 0
17666 0
17667 0
17668 0
17669 0
17670 0
17671 0
17672 0
17673 0
17674 0
17675 0
17676 0
17677 0
17678 0
17679 0
17680 0
17681 0
17682 0
17683 0
17684 0
17685 0
17686 0
17687 0
17688 0
17689 0
17690 0
17691 0
17692 0
17693 0
17694 0
17695 0
17696 0
17697 0
17698 0
17699 0
17700 0
17701 0
17702 0
17703 0
17704 0
17705 0
17706 0
17707 0
17708 0
17709 0
17710 0
17711 0
17712 0
17713 0
17714 0
17715 0
17716 0
17717 0
17718 0
17719 0
17720 0
17721 0
17722 0
17723 0
17724 0
17725 0
17726 0
17727 0
17728 0
17729 0
17730 0
17731 0
17732 0
17733 0
17734 0
17735 0
17736 0
17737 0
17738 0
17739 0
17740 0
17741 0
17742 6
17743 28
17744 49
17745 65
17746 76
17747 86
17748 100
17749 100
17750 100
17751 100
17752 100
17753 100
17754 100
17755 100
17756 100
17757 100
17758 100
17759 100
17760 100
17761 100
17762 100
17763 100
17764 100
17765 100
17766 100
17767 100
17768 100
17769 100
17770 100
17771 100
17772 100
17773 100
17774 100
17775 100
17776 100
17777 100
17778 100
17779 100
17780 100
17781 100
17782 100
17783 100
17784 100
17785 100
17786 100
17787 100
17788 100
17789 100
17790 100
17791 100
17792 100
17793 100
17794 100
17795 100
17796 91
17797 32
17798 14
17799 24
17800 17
17801 17
17802 1
17803 0
17804 0
17805 0
17806 0
17807 0
17808 0
17809 0
17810 0
17811 0
17812 0
17813 0
17814 0
17815 0
17816 0
17817 0
17818 0
17819 0
17820 0
17821 0
17822 0
17823 0
17824 0
17825 0
17826 0
17827 0
17828 0
17829 0
17830 0
17831 0
17832 0
17833 0
17834 0
17835 0
17836 0
17837 0
17838 0
17839 0
17840 0
17841 0
17842 0
17843 0
17844 0
17845 0
17846 0
17847 0
17848 0
17849 0
17850 0
17851 0
17852 0
17853 0
17854 0
17855 0
17856 0
17857 0
17858 0
17859 0
17860 0
17861 0
17862 0
17863 0
17864 0
17865 0
17866 0
17867 0
17868 0
17869 0
17870 0
17871 0
17872 0
17873 0
17874 0
17875 0
17876 0
17877 0
17878 0
17879 0
17880 0
17881 0
17882 0
17883 0
17884 0
17885 0
17886 0
17887 0
17888 0
17889 0
17890 0
17891 0
17892 0
17893 0
17894 0
17895 0
17896 0
17897 0
17898 0
17899 0
17900 0
17901 0
17902 0
17903 0
17904 0
17905 0
17906 0
17907 0
17908 0
17909 0
17910 0
17911 0
17912 0
17913 0
17914 0
17915 0
17916 0
17917 0
17918 0
17919 0
17920 0
17921 0
17922 0
17923 0
17924 0
17925 0
17926 0
17927 0
17928 0
17929 0
17930 0
17931 0
17932 0
17933 0
17934 0
17935 0
17936 0
17937 0
17938 0
17939 0
17940 0
17941 0
17942 0
17943 0
17944 0
17945 0
17946 0
17947 0
17948 0
17949 0
17950 0
17951 0
17952 0
17953 0
17954 0
17955 0
17956 0
17957 0
17958 0
17959 0
17960 0
17961 0
17962 0
17963 0
17964 0
17965 0
17966 0
17967 0
17968 0
17969 0
17970 0
17971 0
17972 0
17973 0
17974 0
17975 0
17976 0
17977 0
17978 0
17979 0
17980 0
17981 0
17982 0
17983 0
17984 0
17985 9
17986 32
17987 51
17988 67
17989 76
17990 86
17991 100
17992 100
17993 100
17994 100
17995 100
17996 100
17997 100
17998 100
17999 100
18000 100
18001 100
18002 100
18003 100
18004 100
18005 100
18006 100
18007 100
18008 100
18009 100
18010 100
18011 100
18012 100
18013 100
18014 100
18015 100
18016 100
18017 100
18018 100
18019 100
18020 100
18021 100
18022 100
18023 100
18024 100
18025 100
18026 100
18027 100
18028 100
18029 100
18030 100
18031 100
18032 100
18033 100
18034 100
18035 100
18036 100
18037 100
18038 100
18039 88
18040 22
18041 22
18042 19
18043 16
18044 8
18045 13
18046 0
18047 0
18048 0
18049 0
18050 0
18051 0
18052 0
18053 0
18054 0
18055 0
18056 0
18057 0
18058 0
18059 0
18060 0
18061 0
18062 0
18063 0
18064 0
18065 0
18066 0
18067 0
18068 0
18069 0
18070 0
18071 0
18072 0
18073 0
18074 0
18075 0
18076 0
18077 0
18078 0
18079 0
18080 0
18081 0
18082 0
18083 0
18084 0
18085 0
18086 0
18087 0
18088 0
18089 0
18090 0
18091 0
18092 0
18093 0
18094 0
18095 0
18096 0
18097 0
18098 0
18099 0
18100 0
18101 0
18102 0
18103 0
18104 0
18105 0
18106 0
18107 0
18108 0
18109 0
18110 0
18111 2
18112 30
18113 50
18114 62
18115 76
18116 86
18117 100
18118 100
18119 100
18120 100
18121 100
18122 100
18123 100
18124 100
18125 100
18126 100
18127 100
18128 100
18129 100
18130 100
18131 100
18132 100
18133 100
18134 100
18135 100
18136 100
18137 100
18138 100
18139 100
18140 100
18141 100
18142 100
18143 100
18144 100
18145 100
18146 100
18147 100
18148 100
18149 100
18150 100
18151 100
18152 100
18153 100
18154 100
18155 100
18156 100
18157 100
18158 100
18159 100
18160 100
18161 100
18162 100
18163 100
18164 100
18165 91
18166 34
18167 14
18168 22
18169 17
18170 17
18171 1
18172 0
18173 0
18174 0
18175 0
18176 0
18177 0
18178 0
18179 0
18180 0
18181 0
18182 0
18183 0
18184 0
18185 0
18186 0
18187 0
18188 0
18189 0
18190 0
18191 0
18192 0
18193 0
18194 0
18195 0
18196 0
18197 0
18198 0
18199 0
18200 0
18201 0
18202 0
18203 0
18204 0
18205 0
18206 0
18207 0
18208 0
18209 0
18210 0
18211 0
18212 0
18213 0
18214 0
18215 0
18216 0
18217 0
18218 0
18219 0
18220 0
18221 0
18222 0
18223 0
18224 0
18225 0
18226 0
18227 0
18228 0
18229 0
18230 0
18231 0
18232 0
18233 0
18234 0
18235 0
18236 0
18237 0
18238 0
18239 0
18240 0
18241 0
18242 0
18243 0
18244 0
18245 0
18246 0
18247 0
18248 0
18249 0
18250 0
18251 0
18252 0
18253 0
18254 0
18255 0
18256 0
18257 0
18258 0
18259 0
18260 0
18261 0
18262 0
18263 0
18264 0
18265 0
18266 0
18267 0
18268 0
18269 0
18270 0
18271 0
18272 0
18273 0
18274 0
18275 0
18276 0
18277 0
18278 0
18279 0
18280 0
18281 0
18282 0
18283 0
18284 0
18285 0
18286 0
18287 0
18288 0
18289 0
18290 0
18291 0
18292 0
18293 0
18294 0
18295 0
18296 0
18297 0
18298 0
18299 0
18300 0
18301 0
18302 0
18303 0
18304 0
18305 0
18306 0
18307 0
18308 0
18309 0
18310 0
18311 0
18312 0
18313 0
18314 0
18315 0
18316 0
18317 0
18318 0
18319 0
18320 0
18321 0
18322 0
18323 0
18324 0
18325 0
18326 17
18327 93
18328 100
18329 100
18330 100
18331 100
18332 100
18333 100
18334 100
18335 100
18336 100
18337 100
18338 100
18339 100
18340 100
18341 100
18342 100
18343 100
18344 100
18345 100
18346 100
18347 100
18348 100
18349 100
18350 100
18351 100
18352 100
18353 100
18354 100
18355 100
18356 100
18357 100
18358 100
18359 100
18360 100
18361 100
18362 100
18363 100
18364 100
18365 100
18366 100
18367 100
18368 100
18369 100
18370 100
18371 100
18372 100
18373 100
18374 100
18375 100
18376 100
18377 100
18378 87
18379 30
18380 21
18381 0
18382 0
18383 0
18384 0
18385 0
18386 0
18387 0
18388 0
18389 0
18390 0
18391 0
18392 0
18393 0
18394 0
18395 0
18396 0
18397 0
18398 0
18399 0
18400 0
18401 0
18402 0
18403 0
18404 0
18405 0
18406 0
18407 0
18408 0
18409 0
18410 0
18411 0
18412 0
18413 0
18414 0
18415 0
18416 0
18417 0
18418 0
18419 0
18420 0
18421 0
18422 0
18423 0
18424 0
18425 0
18426 0
18427 0
18428 0
18429 0
18430 0
18431 0
18432 0
18433 0
18434 0
18435 0
18436 0
18437 0
18438 0
18439 0
18440 0
18441 0
18442 0
18443 0
18444 0
18445 0
18446 0
18447 0
18448 0
18449 0
18450 0
18451 0
18452 0
18453 0
18454 0
18455 0
18456 0
18457 0
18458 0
18459 0
18460 0
18461 0
18462 0
18463 0
18464 0
18465 0
18466 0
18467 0
18468 0
18469 0
18470 0
18471 0
18472 0
18473 0
18474 0
18475 0
18476 0
18477 0
18478 0
18479 0
18480 0
18481 0
18482 0
18483 0
18484 0
18485 0
18486 0
18487 0
18488 0
18489 0
18490 0
18491 0
18492 0
18493 0
18494 0
18495 0
18496 0
18497 0
18498 0
18499 0
18500 0
18501 0
18502 0
18503 0
18504 0
18505 0
18506 0
18507 0
18508 0
18509 0
18510 0
18511 0
18512 0
18513 0
18514 0
18515 0
18516 0
18517 0
18518 0
18519 0
18520 0
18521 0
18522 0
18523 0
18524 0
18525 0
18526 0
18527 0
18528 0
18529 0
18530 0
18531 0
18532 17
18533 93
18534 100
18535 100
18536 100
18537 100
18538 100
18539 100
18540 100
18541 100
18542 100
18543 100
18544 100
18545 100
18546 100
18547 100
18548 100
18549 100
18550 100
18551 100
18552 100
18553 100
18554 100
18555 100
18556 100
18557 100
18558 100
18559 100
18560 100
18561 100
18562 100
18563 100
18564 100
18565 100
18566 100
18567 100
18568 100
18569 100
18570 100
18571 100
18572 100
18573 100
18574 100
18575 100
18576 100
18577 100
18578 100
18579 100
18580 100
18581 100
18582 100
18583 100
18584 87
18585 30
18586 21
18587 0
18588 0
18589 0
18590 0
18591 0
18592 0
18593 0
18594 0
18595 0
18596 0
18597 0
18598 0
18599 0
18600 0
18601 0
18602 0
18603 0
18604 0
18605 0
18606 0
18607 0
18608 0
18609 0
18610 0
18611 0
18612 0
18613 0
18614 0
18615 0
18616 0
18617 0
18618 0
18619 0
18620 0
18621 0
18622 0
18623 0
18624 0
18625 0
18626 0
18627 0
18628 0
18629 0
18630 0
18631 0
18632 0
18633 0
18634 0
18635 0
18636 0
18637 0
18638 0
18639 0
18640 0
18641 0
18642 0
18643 0
18644 0
18645 0
18646 0
18647 0
18648 0
18649 0
18650 0
18651 0
18652 0
18653 0
18654 0
18655 0
18656 0
18657 0
18658 0
18659 0
18660 0
18661 0
18662 0
18663 0
18664 0
18665 0
18666 0
18667 0
18668 0
18669 0
18670 0
18671 0
18672 0
18673 0
18674 0
18675 0
18676 0
18677 0
18678 0
18679 0
18680 0
18681 0
18682 0
18683 0
18684 0
18685 0
18686 0
18687 0
18688 0
18689 0
18690 0
18691 0
18692 0
18693 0
18694 0
18695 0
18696 0
18697 0
18698 0
18699 0
18700 0
18701 0
18702 0
18703 0
18704 0
18705 0
18706 0
18707 0
18708 0
18709 0
18710 0
18711 0
18712 9
18713 32
18714 51
18715 67
18716 76
18717 86
18718 100
18719 100
18720 100
18721 100
18722 100
18723 100
18724 100
18725 100
18726 100
18727 100
18728 100
18729 100
18730 100
18731 100
18732 100
18733 100
18734 100
18735 100
18736 100
18737 100
18738 100
18739 100
18740 100
18741 100
18742 100
18743 100
18744 100
18745 100
18746 100
18747 100
18748 100
18749 100
18750 100
18751 100
18752 100
18753 100
18754 100
18755 100
18756 100
18757 100
18758 100
18759 100
18760 100
18761 100
18762 100
18763 100
18764 100
18765 100
18766 88
18767 22
18768 22
18769 19
18770 16
18771 8
18772 13
18773 0
18774 0
18775 0
18776 0
18777 0
18778 0
18779 0
18780 0
18781 0
18782 0
18783 0
18784 0
18785 0
18786 0
18787 0
18788 0
18789 0
18790 0
18791 0
18792 0
18793 0
18794 0
18795 0
18796 0
18797 0
18798 0
18799 0
18800 0
18801 0
18802 0
18803 0
18804 0
18805 0
18806 0
18807 0
18808 0
18809 0
18810 0
18811 0
18812 0
18813 0
18814 0
18815 0
18816 0
18817 0
18818 0
18819 0
18820 0
18821 0
18822 0
18823 0
18824 0
18825 0
18826 0
18827 0
18828 0
18829 0
18830 0
18831 0
18832 0
18833 0
18834 0
18835 0
18836 0
18837 0
18838 0
18839 0
18840 0
18841 0
18842 0
18843 0
18844 0
18845 0
18846 0
18847 0
18848 0
18849 0
18850 0
18851 0
18852 0
18853 0
18854 0
18855 0
18856 0
18857 0
18858 0
18859 0
18860 0
18861 0
18862 0
18863 0
18864 0
18865 0
18866 0
18867 0
18868 0
18869 0
18870 0
18871 0
18872 0
18873 0
18874 0
18875 0
18876 0
18877 0
18878 0
18879 0
18880 0
18881 0
18882 0
18883 0
18884 0
18885 0
18886 0
18887 0
18888 0
18889 0
18890 0
18891 0
18892 0
18893 0
18894 0
18895 0
18896 0
18897 0
18898 0
18899 0
18900 0
18901 0
18902 0
18903 0
18904 0
18905 0
18906 0
18907 0
18908 0
18909 0
18910 0
18911 0
18912 0
18913 0
18914 0
18915 0
18916 0
18917 0
18918 0
18919 0
18920 0
18921 0
18922 0
18923 0
18924 0
18925 0
18926 0
18927 0
18928 0
18929 0
18930 0
18931 0
18932 0
18933 0
18934 0
18935 0
18936 0
18937 0
18938 0
18939 0
18940 0
18941 0
18942 0
18943 0
18944 0
18945 0
18946 0
18947 0
18948 0
18949 0
18950 0
18951 0
18952 0
18953 0
18954 0
18955 6
18956 28
18957 49
18958 65
18959 76
18960 86
18961 100
18962 100
18963 100
18964 100
18965 100
18966 100
18967 100
18968 100
18969 100
18970 100
18971 100
18972 100
18973 100
18974 100
18975 100
18976 100
18977 100
18978 100
18979 100
18980 100
18981 100
18982 100
18983 100
18984 100
18985 100
18986 100
18987 100
18988 100
18989 100
18990 100
18991 100
18992 100
18993 100
18994 100
18995 100
18996 100
18997 100
18998 100
18999 100
19000 100
19001 100
19002 100
19003 100
19004 100
19005 100
19006 100
19007 100
19008 100
19009 91
19010 32
19011 14
19012 24
19013 17
19014 17
19015 1
19016 0
19017 0
19018 0
19019 0
19020 0
19021 0
19022 0
19023 0
19024 0
19025 0
19026 0
19027 0
19028 0
19029 0
19030 0
19031 0
19032 0
19033 0
19034 0
19035 0
19036 0
19037 0
19038 0
19039 0
19040 0
19041 0
19042 0
19043 0
19044 0
19045 0
19046 0
19047 0
19048 0
19049 0
19050 0
19051 0
19052 0
19053 0
19054 0
19055 0
19056 0
19057 0
19058 0
19059 0
19060 0
19061 0
19062 0
19063 0
19064 0
19065 0
19066 0
19067 0
19068 0
19069 0
19070 0
19071 0
19072 0
19073 0
19074 0
19075 0
19076 0
19077 0
19078 0
19079 0
19080 0
19081 0
19082 0
19083 1
19084 3
19085 40
19086 62
19087 74
19088 86
19089 100
19090 100
19091 100
19092 100
19093 100
19094 100
19095 100
19096 100
19097 100
19098 100
19099 100
19100 100
19101 100
19102 100
19103 100
19104 100
19105 100
19106 100
19107 100
19108 100
19109 100
19110 100
19111 100
19112 100
19113 100
19114 100
19115 100
19116 100
19117 100
19118 100
19119 100
19120 100
19121 100
19122 100
19123 100
19124 100
19125 100
19126 100
19127 100
19128 100
19129 100
19130 100
19131 100
19132 100
19133 100
19134 100
19135 100
19136 100
19137 98
19138 57
19139 21
19140 28
19141 7
19142 0
19143 0
19144 0
19145 0
19146 0
19147 0
19148 0
19149 0
19150 0
19151 0
19152 0
19153 0
19154 0
19155 0
19156 0
19157 0
19158 0
19159 0
19160 0
19161 0
19162 0
19163 0
19164 0
19165 0
19166 0
19167 0
19168 0
19169 0
19170 0
19171 0
19172 0
19173 0
19174 0
19175 0
19176 0
19177 0
19178 0
19179 0
19180 0
19181 0
19182 0
19183 0
19184 0
19185 0
19186 0
19187 0
19188 0
19189 0
19190 0
19191 0
19192 0
19193 0
19194 0
19195 0
19196 0
19197 0
19198 0
19199 0
19200 0
19201 0
19202 0
19203 0
19204 0
19205 0
19206 0
19207 0
19208 0
19209 0
19210 0
19211 0
19212 0
19213 0
19214 0
19215 0
19216 0
19217 0
19218 0
19219 0
19220 0
19221 0
19222 0
19223 0
19224 0
19225 0
19226 0
19227 0
19228 0
19229 0
19230 0
19231 0
19232 0
19233 0
19234 0
19235 0
19236 0
19237 0
19238 0
19239 0
19240 0
19241 0
19242 0
19243 0
19244 0
19245 0
19246 0
19247 0
19248 0
19249 0
19250 0
19251 0
19252 0
19253 0
19254 0
19255 0
19256 0
19257 0
19258 0
19259 0
19260 0
19261 0
19262 0
19263 0
19264 0
19265 0
19266 0
19267 0
19268 0
19269 0
19270 0
19271 0
19272 0
19273 0
19274 0
19275 0
19276 0
19277 0
19278 0
19279 0
19280 0
19281 0
19282 0
19283 0
19284 0
19285 0
19286 0
19287 0
19288 0
19289 0
19290 0
19291 0
19292 0
19293 49
19294 100
19295 100
19296 100
19297 100
19298 100
19299 100
19300 100
19301 100
19302 100
19303 100
19304 100
19305 100
19306 100
19307 100
19308 100
19309 100
19310 100
19311 100
19312 100
19313 100
19314 100
19315 100
19316 100
19317 100
19318 100
19319 100
19320 100
19321 100
19322 100
19323 100
19324 100
19325 100
19326 100
19327 100
19328 100
19329 100
19330 100
19331 100
19332 100
19333 100
19334 100
19335 100
19336 100
19337 100
19338 100
19339 100
19340 100
19341 100
19342 100
19343 100
19344 100
19345 64
19346 20
19347 31
19348 12
19349 0
19350 0
19351 0
19352 0
19353 0
19354 0
19355 0
19356 0
19357 0
19358 0
19359 0
19360 0
19361 0
19362 0
19363 0
19364 0
19365 0
19366 0
19367 0
19368 0
19369 0
19370 0
19371 0
19372 0
19373 0
19374 0
19375 0
19376 0
19377 0
19378 0
19379 0
19380 0
19381 0
19382 0
19383 0
19384 0
19385 0
19386 0
19387 0
19388 0
19389 0
19390 0
19391 0
19392 0
19393 0
19394 0
19395 0
19396 0
19397 0
19398 0
19399 0
19400 0
19401 0
19402 0
19403 0
19404 0
19405 0
19406 0
19407 0
19408 0
19409 0
19410 0
19411 0
19412 0
19413 0
19414 0
19415 0
19416 0
19417 0
19418 0
19419 0
19420 0
19421 0
19422 0
19423 0
19424 0
19425 0
19426 0
19427 0
19428 0
19429 0
19430 0
19431 0
19432 0
19433 0
19434 0
19435 0
19436 0
19437 0
19438 0
19439 0
19440 0
19441 0
19442 0
19443 0
19444 0
19445 0
19446 0
19447 0
19448 0
19449 0
19450 0
19451 0
19452 0
19453 0
19454 0
19455 0
19456 0
19457 0
19458 0
19459 0
19460 0
19461 0
19462 0
19463 0
19464 0
19465 0
19466 0
19467 0
19468 0
19469 0
19470 0
19471 0
19472 0
19473 0
19474 0
19475 0
19476 0
19477 0
19478 0
19479 0
19480 0
19481 0
19482 0
19483 0
19484 0
19485 0
19486 0
19487 0
19488 0
19489 0
19490 0
19491 0
19492 0
19493 0
19494 0
19495 0
19496 0
19497 0
19498 0
19499 49
19500 100
19501 100
19502 100
19503 100
19504 100
19505 100
19506 100
19507 100
19508 100
19509 100
19510 100
19511 100
19512 100
19513 100
19514 100
19515 100
19516 100
19517 100
19518 100
19519 100
19520 100
19521 100
19522 100
19523 100
19524 100
19525 100
19526 100
19527 100
19528 100
19529 100
19530 100
19531 100
19532 100
19533 100
19534 100
19535 100
19536 100
19537 100
19538 100
19539 100
19540 100
19541 100
19542 100
19543 100
19544 100
19545 100
19546 100
19547 100
19548 100
19549 100
19550 100
19551 64
19552 20
19553 31
19554 12
19555 0
19556 0
19557 0
19558 0
19559 0
19560 0
19561 0
19562 0
19563 0
19564 0
19565 0
19566 0
19567 0
19568 0
19569 0
19570 0
19571 0
19572 0
19573 0
19574 0
19575 0
19576 0
19577 0
19578 0
19579 0
19580 0
19581 0
19582 0
19583 0
19584 0
19585 0
19586 0
19587 0
19588 0
19589 0
19590 0
19591 0
19592 0
19593 0
19594 0
19595 0
19596 0
19597 0
19598 0
19599 0
19600 0
19601 0
19602 0
19603 0
19604 0
19605 0
19606 0
19607 0
19608 0
19609 0
19610 0
19611 0
19612 0
19613 0
19614 0
19615 0
19616 0
19617 0
19618 0
19619 0
19620 0
19621 0
19622 0
19623 0
19624 0
19625 0
19626 0
19627 0
19628 0
19629 0
19630 0
19631 0
19632 0
19633 0
19634 0
19635 0
19636 0
19637 0
19638 0
19639 0
19640 0
19641 0
19642 0
19643 0
19644 0
19645 0
19646 0
19647 0
19648 0
19649 0
19650 0
19651 0
19652 0
19653 0
19654 0
19655 0
19656 0
19657 0
19658 0
19659 0
19660 0
19661 0
19662 0
19663 0
19664 0
19665 0
19666 0
19667 0
19668 0
19669 0
19670 0
19671 0
19672 0
19673 0
19674 0
19675 0
19676 0
19677 0
19678 0
19679 0
19680 0
19681 0
19682 6
19683 28
19684 49
19685 65
19686 76
19687 86
19688 100
19689 100
19690 100
19691 100
19692 100
19693 100
19694 100
19695 100
19696 100
19697 100
19698 100
19699 100
19700 100
19701 100
19702 100
19703 100
19704 100
19705 100
19706 100
19707 100
19708 100
19709 100
19710 100
19711 100
19712 100
19713 100
19714 100
19715 100
19716 100
19717 100
19718 100
19719 100
19720 100
19721 100
19722 100
19723 100
19724 100
19725 100
19726 100
19727 100
19728 100
19729 100
19730 100
19731 100
19732 100
19733 100
19734 100
19735 100
19736 91
19737 32
19738 14
19739 24
19740 17
19741 17
19742 1
19743 0
19744 0
19745 0
19746 0
19747 0
19748 0
19749 0
19750 0
19751 0
19752 0
19753 0
19754 0
19755 0
19756 0
19757 0
19758 0
19759 0
19760 0
19761 0
19762 0
19763 0
19764 0
19765 0
19766 0
19767 0
19768 0
19769 0
19770 0
19771 0
19772 0
19773 0
19774 0
19775 0
19776 0
19777 0
19778 0
19779 0
19780 0
19781 0
19782 0
19783 0
19784 0
19785 0
19786 0
19787 0
19788 0
19789 0
19790 0
19791 0
19792 0
19793 0
19794 0
19795 0
19796 0
19797 0
19798 0
19799 0
19800 0
19801 0
19802 0
19803 0
19804 0
19805 0
19806 0
19807 0
19808 0
19809 0
19810 0
19811 0
19812 0
19813 0
19814 0
19815 0
19816 0
19817 0
19818 0
19819 0
19820 0
19821 0
19822 0
19823 0
19824 0
19825 0
19826 0
19827 0
19828 0
19829 0
19830 0
19831 0
19832 0
19833 0
19834 0
19835 0
19836 0
19837 0
19838 0
19839 0
19840 0
19841 0
19842 0
19843 0
19844 0
19845 0
19846 0
19847 0
19848 0
19849 0
19850 0
19851 0
19852 0
19853 0
19854 0
19855 0
19856 0
19857 0
19858 0
19859 0
19860 0
19861 0
19862 0
19863 0
19864 0
19865 0
19866 0
19867 0
19868 0
19869 0
19870 0
19871 0
19872 0
19873 0
19874 0
19875 0
19876 0
19877 0
19878 0
19879 0
19880 0
19881 0
19882 0
19883 0
19884 0
19885 0
19886 0
19887 0
19888 0
19889 0
19890 0
19891 0
19892 0
19893 0
19894 0
19895 0
19896 0
19897 0
19898 0
19899 0
19900 0
19901 0
19902 0
19903 0
19904 0
19905 0
19906 0
19907 0
19908 0
19909 0
19910 0
19911 0
19912 0
19913 0
19914 0
19915 0
19916 0
19917 0
19918 0
19919 0
19920 0
19921 0
19922 0
19923 0
19924 0
19925 9
19926 32
19927 51
19928 67
19929 76
19930 86
19931 100
19932 100
19933 100
19934 100
19935 100
19936 100
19937 100
19938 100
19939 100
19940 100
19941 100
19942 100
19943 100
19944 100
19945 100
19946 100
19947 100
19948 100
19949 100
19950 100
19951 100
19952 100
19953 100
19954 100
19955 100
19956 100
19957 100
19958 100
19959 100
19960 100
19961 100
19962 100
19963 100
19964 100
19965 100
19966 100
19967 100
19968 100
19969 100
19970 100
19971 100
19972 100
19973 100
19974 100
19975 100
19976 100
19977 100
19978 100
19979 88
19980 22
19981 22
19982 19
19983 16
19984 8
19985 13
19986 0
19987 0
19988 0
19989 0
19990 0
19991 0
19992 0
19993 0
19994 0
19995 0
19996 0
19997 0
19998 0
19999 0
swithctotest 
Soms 20000
0 5 2
1 2 4
2 5 2
3 2 4
4 0 0
20000 0
20001 0
20002 0
20003 0
20004 0
20005 0
20006 0
20007 0
20008 0
20009 0
20010 0
20011 0
20012 0
20013 0
20014 0
20015 0
20016 0
20017 0
20018 0
20019 0
20020 0
20021 0
20022 0
20023 0
20024 0
20025 0
20026 0
20027 0
20028 0
20029 0
20030 0
20031 0
20032 0
20033 0
20034 0
20035 0
20036 0
20037 0
20038 0
20039 0
20040 0
20041 0
20042 0
20043 0
20044 0
20045 0
20046 0
20047 0
20048 0
20049 0
20050 0
20051 0
20052 0
20053 1
20054 1
20055 8
20056 43
20057 76
20058 90
20059 100
20060 100
20061 100
20062 100
20063 100
20064 100
20065 100
20066 100
20067 100
20068 100
20069 100
20070 100
20071 100
20072 100
20073 100
20074 100
20075 100
20076 100
20077 100
20078 100
20079 100
20080 100
20081 100
20082 100
20083 100
20084 100
20085 100
20086 100
20087 100
20088 100
20089 100
20090 100
20091 100
20092 100
20093 100
20094 100
20095 100
20096 100
20097 100
20098 100
20099 100
20100 100
20101 100
20102 100
20103 100
20104 100
20105 100
20106 100
20107 100
20108 83
20109 40
20110 25
20111 8
20112 0
20113 0
20114 0
20115 0
20116 0
20117 0
20118 0
20119 0
20120 0
20121 0
20122 0
20123 0
20124 0
20125 0
20126 0
20127 0
20128 0
20129 0
20130 0
20131 0
20132 0
20133 0
20134 0
20135 0
20136 0
20137 0
20138 0
20139 0
20140 0
20141 0
20142 0
20143 0
20144 0
20145 0
20146 0
20147 0
20148 0
20149 0
20150 0
20151 0
20152 0
20153 0
20154 0
20155 0
20156 0
20157 0
20158 0
20159 0
20160 0
20161 0
20162 0
20163 0
20164 0
20165 0
20166 0
20167 0
20168 0
20169 0
20170 0
20171 0
20172 0
20173 0
20174 0
20175 0
20176 0
20177 0
20178 0
20179 0
20180 0
20181 0
20182 0
20183 0
20184 0
20185 0
20186 0
20187 0
20188 0
20189 0
20190 0
20191 0
20192 0
20193 0
20194 0
20195 0
20196 0
20197 0
20198 0
20199 0
20200 0
20201 0
20202 0
20203 0
20204 0
20205 0
20206 0
20207 0
20208 0
20209 0
20210 0
20211 0
20212 0
20213 0
20214 0
20215 0
20216 0
20217 0
20218 0
20219 0
20220 0
20221 0
20222 0
20223 0
20224 0
20225 0
20226 0
20227 0
20228 0
20229 0
20230 0
20231 0
20232 0
20233 0
20234 0
20235 0
20236 0
20237 0
20238 0
20239 0
20240 0
20241 0
20242 0
20243 0
20244 0
20245 0
20246 0
20247 0
20248 0
20249 0
20250 0
20251 0
20252 0
20253 0
20254 0
20255 0
20256 0
20257 0
20258 0
20259 0
20260 29
20261 76
20262 100
20263 100
20264 100
20265 100
20266 100
20267 100
20268 100
20269 100
20270 100
20271 100
20272 100
20273 100
20274 100
20275 100
20276 100
20277 100
20278 100
20279 100
20280 100
20281 100
20282 100
20283 100
20284 100
20285 100
20286 100
20287 100
20288 100
20289 100
20290 100
20291 100
20292 100
20293 100
20294 100
20295 100
20296 100
20297 100
20298 100
20299 100
20300 100
20301 100
20302 100
20303 100
20304 100
20305 100
20306 100
20307 100
20308 100
20309 100
20310 100
20311 100
20312 90
20313 36
20314 26
20315 23
20316 4
20317 4
20318 12
20319 0
20320 0
20321 0
20322 0
20323 0
20324 0
20325 0
20326 0
20327 0
20328 0
20329 0
20330 0
20331 0
20332 0
20333 0
20334 0
20335 0
20336 0
20337 0
20338 0
20339 0
20340 0
20341 0
20342 0
20343 0
20344 0
20345 0
20346 0
20347 0
20348 0
20349 0
20350 0
20351 0
20352 0
20353 0
20354 0
20355 0
20356 0
20357 0
20358 0
20359 0
20360 0
20361 0
20362 0
20363 0
20364 0
20365 0
20366 0
20367 0
20368 0
20369 0
20370 0
20371 0
20372 0
20373 0
20374 0
20375 0
20376 0
20377 0
20378 0
20379 0
20380 0
20381 0
20382 0
20383 0
20384 0
20385 0
20386 0
20387 0
20388 0
20389 0
20390 0
20391 0
20392 0
20393 0
20394 0
20395 0
20396 0
20397 0
20398 0
20399 0
20400 0
20401 0
20402 0
20403 0
20404 0
20405 0
20406 0
20407 0
20408 0
20409 0
20410 0
20411 0
20412 0
20413 0
20414 0
20415 0
20416 0
20417 0
20418 0
20419 0
20420 0
20421 0
20422 0
20423 0
20424 0
20425 0
20426 0
20427 0
20428 0
20429 0
20430 0
20431 0
20432 0
20433 0
20434 0
20435 0
20436 0
20437 0
20438 0
20439 0
20440 0
20441 0
20442 0
20443 0
20444 0
20445 0
20446 0
20447 0
20448 0
20449 0
20450 0
20451 0
20452 0
20453 0
20454 0
20455 0
20456 0
20457 0
20458 0
20459 0
20460 0
20461 0
20462 0
20463 0
20464 0
20465 0
20466 29
20467 76
20468 100
20469 100
20470 100
20471 100
20472 100
20473 100
20474 100
20475 100
20476 100
20477 100
20478 100
20479 100
20480 100
20481 100
20482 100
20483 100
20484 100
20485 100
20486 100
20487 100
20488 100
20489 100
20490 100
20491 100
20492 100
20493 100
20494 100
20495 100
20496 100
20497 100
20498 100
20499 100
20500 100
20501 100
20502 100
20503 100
20504 100
20505 100
20506 100
20507 100
20508 100
20509 100
20510 100
20511 100
20512 100
20513 100
20514 100
20515 100
20516 100
20517 100
20518 90
20519 36
20520 26
20521 23
20522 4
20523 4
20524 12
20525 0
20526 0
20527 0
20528 0
20529 0
20530 0
20531 0
20532 0
20533 0
20534 0
20535 0
20536 0
20537 0
20538 0
20539 0
20540 0
20541 0
20542 0
20543 0
20544 0
20545 0
20546 0
20547 0
20548 0
20549 0
20550 0
20551 0
20552 0
20553 0
20554 0
20555 0
20556 0
20557 0
20558 0
20559 0
20560 0
20561 0
20562 0
20563 0
20564 0
20565 0
20566 0
20567 0
20568 0
20569 0
20570 0
20571 0
20572 0
20573 0
20574 0
20575 0
20576 0
20577 0
20578 0
20579 0
20580 0
20581 0
20582 0
20583 0
20584 0
20585 0
20586 0
20587 0
20588 0
20589 0
20590 0
20591 0
20592 0
20593 0
20594 0
20595 0
20596 0
20597 0
20598 0
20599 0
20600 0
20601 0
20602 0
20603 0
20604 0
20605 0
20606 0
20607 0
20608 0
20609 0
20610 0
20611 0
20612 0
20613 0
20614 0
20615 0
20616 0
20617 0
20618 0
20619 0
20620 0
20621 0
20622 0
20623 0
20624 0
20625 0
20626 0
20627 0
20628 0
20629 0
20630 0
20631 0
20632 0
20633 0
20634 0
20635 0
20636 0
20637 0
20638 0
20639 0
20640 0
20641 0
20642 0
20643 0
20644 0
20645 0
20646 0
20647 0
20648 0
20649 0
20650 0
20651 0
20652 9
20653 32
20654 51
20655 67
20656 76
20657 86
20658 100
20659 100
20660 100
20661 100
20662 100
20663 100
20664 100
20665 100
20666 100
20667 100
20668 100
20669 100
20670 100
20671 100
20672 100
20673 100
20674 100
20675 100
20676 100
20677 100
20678 100
20679 100
20680 100
20681 100
20682 100
20683 100
20684 100
20685 100
20686 100
20687 100
20688 100
20689 100
20690 100
20691 100
20692 100
20693 100
20694 100
20695 100
20696 100
20697 100
20698 100
20699 100
20700 100
20701 100
20702 100
20703 100
20704 100
20705 100
20706 88
20707 22
20708 22
20709 19
20710 16
20711 8
20712 13
20713 0
20714 0
20715 0
20716 0
20717 0
20718 0
20719 0
20720 0
20721 0
20722 0
20723 0
20724 0
20725 0
20726 0
20727 0
20728 0
20729 0
20730 0
20731 0
20732 0
20733 0
20734 0
20735 0
20736 0
20737 0
20738 0
20739 0
20740 0
20741 0
20742 0
20743 0
20744 0
20745 0
20746 0
20747 0
20748 0
20749 0
20750 0
20751 0
20752 0
20753 0
20754 0
20755 0
20756 0
20757 0
20758 0
20759 0
20760 0
20761 0
20762 0
20763 0
20764 0
20765 0
20766 0
20767 0
20768 0
20769 0
20770 0
20771 0
20772 0
20773 0
20774 0
20775 0
20776 0
20777 0
20778 0
20779 0
20780 0
20781 0
20782 0
20783 0
20784 0
20785 0
20786 0
20787 0
20788 0
20789 0
20790 0
20791 0
20792 0
20793 0
20794 0
20795 0
20796 0
20797 0
20798 0
20799 0
20800 0
20801 0
20802 0
20803 0
20804 0
20805 0
20806 0
20807 0
20808 0
20809 0
20810 0
20811 0
20812 0
20813 0
20814 0
20815 0
20816 0
20817 0
20818 0
20819 0
20820 0
20821 0
20822 0
20823 0
20824 0
20825 0
20826 0
20827 0
20828 0
20829 0
20830 0
20831 0
20832 0
20833 0
20834 0
20835 0
20836 0
20837 0
20838 0
20839 0
20840 0
20841 0
20842 0
20843 0
20844 0
20845 0
20846 0
20847 0
20848 0
20849 0
20850 0
20851 0
20852 0
20853 0
20854 0
20855 0
20856 0
20857 0
20858 0
20859 0
20860 0
20861 0
20862 0
20863 0
20864 0
20865 0
20866 0
20867 0
20868 0
20869 0
20870 0
20871 0
20872 0
20873 0
20874 0
20875 0
20876 0
20877 0
20878 0
20879 0
20880 0
20881 0
20882 0
20883 0
20884 0
20885 0
20886 0
20887 0
20888 0
20889 0
20890 0
20891 0
20892 0
20893 0
20894 0
20895 6
20896 28
20897 49
20898 65
20899 76
20900 86
20901 100
20902 100
20903 100
20904 100
20905 100
20906 100
20907 100
20908 100
20909 100
20910 100
20911 100
20912 100
20913 100
20914 100
20915 100
20916 100
20917 100
20918 100
20919 100
20920 100
20921 100
20922 100
20923 100
20924 100
20925 100
20926 100
20927 100
20928 100
20929 100
20930 100
20931 100
20932 100
20933 100
20934 100
20935 100
20936 100
20937 100
20938 100
20939 100
20940 100
20941 100
20942 100
20943 100
20944 100
20945 100
20946 100
20947 100
20948 100
20949 91
20950 32
20951 14
20952 24
20953 17
20954 17
20955 1
20956 0
20957 0
20958 0
20959 0
20960 0
20961 0
20962 0
20963 0
20964 0
20965 0
20966 0
20967 0
20968 0
20969 0
20970 0
20971 0
20972 0
20973 0
20974 0
20975 0
20976 0
20977 0
20978 0
20979 0
20980 0
20981 0
20982 0
20983 0
20984 0
20985 0
20986 0
20987 0
20988 0
20989 0
20990 0
20991 0
20992 0
20993 0
20994 0
20995 0
20996 0
20997 0
20998 0
20999 0
21000 0
21001 0
21002 0
21003 0
21004 0
21005 0
21006 0
21007 0
21008 0
21009 0
21010 0
21011 0
21012 0
21013 0
21014 0
21015 0
21016 0
21017 0
21018 0
21019 0
21020 0
21021 0
21022 0
21023 1
21024 2
21025 7
21026 53
21027 76
21028 93
21029 100
21030 100
21031 100
21032 100
21033 100
21034 100
21035 100
21036 100
21037 100
21038 100
21039 100
21040 100
21041 100
21042 100
21043 100
21044 100
21045 100
21046 100
21047 100
21048 100
21049 100
21050 100
21051 100
21052 100
21053 100
21054 100
21055 100
21056 100
21057 100
21058 100
21059 100
21060 100
21061 100
21062 100
21063 100
21064 100
21065 100
21066 100
21067 100
21068 100
21069 100
21070 100
21071 100
21072 100
21073 100
21074 100
21075 100
21076 100
21077 99
21078 67
21079 44
21080 25
21081 6
21082 0
21083 0
21084 0
21085 0
21086 0
21087 0
21088 0
21089 0
21090 0
21091 0
21092 0
21093 0
21094 0
21095 0
21096 0
21097 0
21098 0
21099 0
21100 0
21101 0
21102 0
21103 0
21104 0
21105 0
21106 0
21107 0
21108 0
21109 0
21110 0
21111 0
21112 0
21113 0
21114 0
21115 0
21116 0
21117 0
21118 0
21119 0
21120 0
21121 0
21122 0
21123 0
21124 0
21125 0
21126 0
21127 0
21128 0
21129 0
21130 0
21131 0
21132 0
21133 0
21134 0
21135 0
21136 0
21137 0
21138 0
21139 0
21140 0
21141 0
21142 0
21143 0
21144 0
21145 0
21146 0
21147 0
21148 0
21149 0
21150 0
21151 0
21152 0
21153 0
21154 0
21155 0
21156 0
21157 0
21158 0
21159 0
21160 0
21161 0
21162 0
21163 0
21164 0
21165 0
21166 0
21167 0
21168 0
21169 0
21170 0
21171 0
21172 0
21173 0
21174 0
21175 0
21176 0
21177 0
21178 0
21179 0
21180 0
21181 0
21182 0
21183 0
21184 0
21185 0
21186 0
21187 0
21188 0
21189 0
21190 0
21191 0
21192 0
21193 0
21194 0
21195 0
21196 0
21197 0
21198 0
21199 0
21200 0
21201 0
21202 0
21203 0
21204 0
21205 0
21206 0
21207 0
21208 0
21209 0
21210 0
21211 0
21212 0
21213 0
21214 0
21215 0
21216 0
21217 0
21218 0
21219 0
21220 0
21221 0
21222 0
21223 0
21224 0
21225 0
21226 0
21227 0
21228 10
21229 38
21230 55
21231 71
21232 79
21233 86
21234 100
21235 100
21236 100
21237 100
21238 100
21239 100
21240 100
21241 100
21242 100
21243 100
21244 100
21245 100
21246 100
21247 100
21248 100
21249 100
21250 100
21251 100
21252 100
21253 100
21254 100
21255 100
21256 100
21257 100
21258 100
21259 100
21260 100
21261 100
21262 100
21263 100
21264 100
21265 100
21266 100
21267 100
21268 100
21269 100
21270 100
21271 100
21272 100
21273 100
21274 100
21275 100
21276 100
21277 100
21278 100
21279 100
21280 100
21281 100
21282 83
21283 23
21284 34
21285 0
21286 0
21287 0
21288 0
21289 0
21290 0
21291 0
21292 0
21293 0
21294 0
21295 0
21296 0
21297 0
21298 0
21299 0
21300 0
21301 0
21302 0
21303 0
21304 0
21305 0
21306 0
21307 0
21308 0
21309 0
21310 0
21311 0
21312 0
21313 0
21314 0
21315 0
21316 0
21317 0
21318 0
21319 0
21320 0
21321 0
21322 0
21323 0
21324 0
21325 0
21326 0
21327 0
21328 0
21329 0
21330 0
21331 0
21332 0
21333 0
21334 0
21335 0
21336 0
21337 0
21338 0
21339 0
21340 0
21341 0
21342 0
21343 0
21344 0
21345 0
21346 0
21347 0
21348 0
21349 0
21350 0
21351 0
21352 0
21353 0
21354 0
21355 0
21356 0
21357 0
21358 0
21359 0
21360 0
21361 0
21362 0
21363 0
21364 0
21365 0
21366 0
21367 0
21368 0
21369 0
21370 0
21371 0
21372 0
21373 0
21374 0
21375 0
21376 0
21377 0
21378 0
21379 0
21380 0
21381 0
21382 0
21383 0
21384 0
21385 0
21386 0
21387 0
21388 0
21389 0
21390 0
21391 0
21392 0
21393 0
21394 0
21395 0
21396 0
21397 0
21398 0
21399 0
21400 0
21401 0
21402 0
21403 0
21404 0
21405 0
21406 0
21407 0
21408 0
21409 0
21410 0
21411 0
21412 0
21413 0
21414 0
21415 0
21416 0
21417 0
21418 0
21419 0
21420 0
21421 0
21422 0
21423 0
21424 0
21425 0
21426 0
21427 0
21428 0
21429 0
21430 0
21431 0
21432 0
21433 0
21434 10
21435 38
21436 55
21437 71
21438 79
21439 86
21440 100
21441 100
21442 100
21443 100
21444 100
21445 100
21446 100
21447 100
21448 100
21449 100
21450 100
21451 100
21452 100
21453 100
21454 100
21455 100
21456 100
21457 100
21458 100
21459 100
21460 100
21461 100
21462 100
21463 100
21464 100
21465 100
21466 100
21467 100
21468 100
21469 100
21470 100
21471 100
21472 100
21473 100
21474 100
21475 100
21476 100
21477 100
21478 100
21479 100
21480 100
21481 100
21482 100
21483 100
21484 100
21485 100
21486 100
21487 100
21488 83
21489 23
21490 34
21491 0
21492 0
21493 0
21494 0
21495 0
21496 0
21497 0
21498 0
21499 0
21500 0
21501 0
21502 0
21503 0
21504 0
21505 0
21506 0
21507 0
21508 0
21509 0
21510 0
21511 0
21512 0
21513 0
21514 0
21515 0
21516 0
21517 0
21518 0
21519 0
21520 0
21521 0
21522 0
21523 0
21524 0
21525 0
21526 0
21527 0
21528 0
21529 0
21530 0
21531 0
21532 0
21533 0
21534 0
21535 0
21536 0
21537 0
21538 0
21539 0
21540 0
21541 0
21542 0
21543 0
21544 0
21545 0
21546 0
21547 0
21548 0
21549 0
21550 0
21551 0
21552 0
21553 0
21554 0
21555 0
21556 0
21557 0
21558 0
21559 0
21560 0
21561 0
21562 0
21563 0
21564 0
21565 0
21566 0
21567 0
21568 0
21569 0
21570 0
21571 0
21572 0
21573 0
21574 0
21575 0
21576 0
21577 0
21578 0
21579 0
21580 0
21581 0
21582 0
21583 0
21584 0
21585 0
21586 0
21587 0
21588 0
21589 0
21590 0
21591 0
21592 0
21593 0
21594 0
21595 0
21596 0
21597 0
21598 0
21599 0
21600 0
21601 0
21602 0
21603 0
21604 0
21605 0
21606 0
21607 0
21608 0
21609 0
21610 0
21611 0
21612 0
21613 0
21614 0
21615 0
21616 0
21617 0
21618 0
21619 0
21620 0
21621 0
21622 6
21623 28
21624 49
21625 65
21626 76
21627 86
21628 100
21629 100
21630 100
21631 100
21632 100
21633 100
21634 100
21635 100
21636 100
21637 100
21638 100
21639 100
21640 100
21641 100
21642 100
21643 100
21644 100
21645 100
21646 100
21647 100
21648 100
21649 100
21650 100
21651 100
21652 100
21653 100
21654 100
21655 100
21656 100
21657 100
21658 100
21659 100
21660 100
21661 100
21662 100
21663 100
21664 100
21665 100
21666 100
21667 100
21668 100
21669 100
21670 100
21671 100
21672 100
21673 100
21674 100
21675 100
21676 91
21677 32
21678 14
21679 24
21680 17
21681 17
21682 1
21683 0
21684 0
21685 0
21686 0
21687 0
21688 0
21689 0
21690 0
21691 0
21692 0
21693 0
21694 0
21695 0
21696 0
21697 0
21698 0
21699 0
21700 0
21701 0
21702 0
21703 0
21704 0
21705 0
21706 0
21707 0
21708 0
21709 0
21710 0
21711 0
21712 0
21713 0
21714 0
21715 0
21716 0
21717 0
21718 0
21719 0
21720 0
21721 0
21722 0
21723 0
21724 0
21725 0
21726 0
21727 0
21728 0
21729 0
21730 0
21731 0
21732 0
21733 0
21734 0
21735 0
21736 0
21737 0
21738 0
21739 0
21740 0
21741 0
21742 0
21743 0
21744 0
21745 0
21746 0
21747 0
21748 0
21749 0
21750 0
21751 0
21752 0
21753 0
21754 0
21755 0
21756 0
21757 0
21758 0
21759 0
21760 0
21761 0
21762 0
21763 0
21764 0
21765 0
21766 0
21767 0
21768 0
21769 0
21770 0
21771 0
21772 0
21773 0
21774 0
21775 0
21776 0
21777 0
21778 0
21779 0
21780 0
21781 0
21782 0
21783 0
21784 0
21785 0
21786 0
21787 0
21788 0
21789 0
21790 0
21791 0
21792 0
21793 0
21794 0
21795 0
21796 0
21797 0
21798 0
21799 0
21800 0
21801 0
21802 0
21803 0
21804 0
21805 0
21806 0
21807 0
21808 0
21809 0
21810 0
21811 0
21812 0
21813 0
21814 0
21815 0
21816 0
21817 0
21818 0
21819 0
21820 0
21821 0
21822 0
21823 0
21824 0
21825 0
21826 0
21827 0
21828 0
21829 0
21830 0
21831 0
21832 0
21833 0
21834 0
21835 0
21836 0
21837 0
21838 0
21839 0
21840 0
21841 0
21842 0
21843 0
21844 0
21845 0
21846 0
21847 0
21848 0
21849 0
21850 0
21851 0
21852 0
21853 0
21854 0
21855 0
21856 0
21857 0
21858 0
21859 0
21860 0
21861 0
21862 0
21863 0
21864 0
21865 9
21866 32
21867 51
21868 67
21869 76
21870 86
21871 100
21872 100
21873 100
21874 100
21875 100
21876 100
21877 100
21878 100
21879 100
21880 100
21881 100
21882 100
21883 100
21884 100
21885 100
21886 100
21887 100
21888 100
21889 100
21890 100
21891 100
21892 100
21893 100
21894 100
21895 100
21896 100
21897 100
21898 100
21899 100
21900 100
21901 100
21902 100
21903 100
21904 100
21905 100
21906 100
21907 100
21908 100
21909 100
21910 100
21911 100
21912 100
21913 100
21914 100
21915 100
21916 100
21917 100
21918 100
21919 88
21920 22
21921 22
21922 19
21923 16
21924 8
21925 13
21926 0
21927 0
21928 0
21929 0
21930 0
21931 0
21932 0
21933 0
21934 0
21935 0
21936 0
21937 0
21938 0
21939 0
21940 0
21941 0
21942 0
21943 0
21944 0
21945 0
21946 0
21947 0
21948 0
21949 0
21950 0
21951 0
21952 0
21953 0
21954 0
21955 0
21956 0
21957 0
21958 0
21959 0
21960 0
21961 0
21962 0
21963 0
21964 0
21965 0
21966 0
21967 0
21968 0
21969 0
21970 0
21971 0
21972 0
21973 0
21974 0
21975 0
21976 0
21977 0
21978 0
21979 0
21980 0
21981 0
21982 0
21983 0
21984 0
21985 0
21986 0
21987 0
21988 0
21989 0
21990 0
21991 0
21992 0
21993 3
21994 30
21995 52
21996 76
21997 90
21998 100
21999 100
22000 100
22001 100
22002 100
22003 100
22004 100
22005 100
22006 100
22007 100
22008 100
22009 100
22010 100
22011 100
22012 100
22013 100
22014 100
22015 100
22016 100
22017 100
22018 100
22019 100
22020 100
22021 100
22022 100
22023 100
22024 100
22025 100
22026 100
22027 100
22028 100
22029 100
22030 100
22031 100
22032 100
22033 100
22034 100
22035 100
22036 100
22037 100
22038 100
22039 100
22040 100
22041 100
22042 100
22043 100
22044 100
22045 100
22046 100
22047 76
22048 24
22049 18
22050 7
22051 0
22052 0
22053 0
22054 0
22055 0
22056 0
22057 0
22058 0
22059 0
22060 0
22061 0
22062 0
22063 0
22064 0
22065 0
22066 0
22067 0
22068 0
22069 0
22070 0
22071 0
22072 0
22073 0
22074 0
22075 0
22076 0
22077 0
22078 0
22079 0
22080 0
22081 0
22082 0
22083 0
22084 0
22085 0
22086 0
22087 0
22088 0
22089 0
22090 0
22091 0
22092 0
22093 0
22094 0
22095 0
22096 0
22097 0
22098 0
22099 0
22100 0
22101 0
22102 0
22103 0
22104 0
22105 0
22106 0
22107 0
22108 0
22109 0
22110 0
22111 0
22112 0
22113 0
22114 0
22115 0
22116 0
22117 0
22118 0
22119 0
22120 0
22121 0
22122 0
22123 0
22124 0
22125 0
22126 0
22127 0
22128 0
22129 0
22130 0
22131 0
22132 0
22133 0
22134 0
22135 0
22136 0
22137 0
22138 0
22139 0
22140 0
22141 0
22142 0
22143 0
22144 0
22145 0
22146 0
22147 0
22148 0
22149 0
22150 0
22151 0
22152 0
22153 0
22154 0
22155 0
22156 0
22157 0
22158 0
22159 0
22160 0
22161 0
22162 0
22163 0
22164 0
22165 0
22166 0
22167 0
22168 0
22169 0
22170 0
22171 0
22172 0
22173 0
22174 0
22175 0
22176 0
22177 0
22178 0
22179 0
22180 0
22181 0
22182 0
22183 0
22184 0
22185 0
22186 0
22187 0
22188 0
22189 0
22190 0
22191 0
22192 0
22193 0
22194 0
22195 0
22196 17
22197 93
22198 100
22199 100
22200 100
22201 100
22202 100
22203 100
22204 100
22205 100
22206 100
22207 100
22208 100
22209 100
22210 100
22211 100
22212 100
22213 100
22214 100
22215 100
22216 100
22217 100
22218 100
22219 100
22220 100
22221 100
22222 100
22223 100
22224 100
22225 100
22226 100
22227 100
22228 100
22229 100
22230 100
22231 100
22232 100
22233 100
22234 100
22235 100
22236 100
22237 100
22238 100
22239 100
22240 100
22241 100
22242 100
22243 100
22244 100
22245 100
22246 100
22247 100
22248 87
22249 30
22250 21
22251 0
22252 0
22253 0
22254 0
22255 0
22256 0
22257 0
22258 0
22259 0
22260 0
22261 0
22262 0
22263 0
22264 0
22265 0
22266 0
22267 0
22268 0
22269 0
22270 0
22271 0
22272 0
22273 0
22274 0
22275 0
22276 0
22277 0
22278 0
22279 0
22280 0
22281 0
22282 0
22283 0
22284 0
22285 0
22286 0
22287 0
22288 0
22289 0
22290 0
22291 0
22292 0
22293 0
22294 0
22295 0
22296 0
22297 0
22298 0
22299 0
22300 0
22301 0
22302 0
22303 0
22304 0
22305 0
22306 0
22307 0
22308 0
22309 0
22310 0
22311 0
22312 0
22313 0
22314 0
22315 0
22316 0
22317 0
22318 0
22319 0
22320 0
22321 0
22322 0
22323 0
22324 0
22325 0
22326 0
22327 0
22328 0
22329 0
22330 0
22331 0
22332 0
22333 0
22334 0
22335 0
22336 0
22337 0
22338 0
22339 0
22340 0
22341 0
22342 0
22343 0
22344 0
22345 0
22346 0
22347 0
22348 0
22349 0
22350 0
22351 0
22352 0
22353 0
22354 0
22355 0
22356 0
22357 0
22358 0
22359 0
22360 0
22361 0
22362 0
22363 0
22364 0
22365 0
22366 0
22367 0
22368 0
22369 0
22370 0
22371 0
22372 0
22373 0
22374 0
22375 0
22376 0
22377 0
22378 0
22379 0
22380 0
22381 0
22382 0
22383 0
22384 0
22385 0
22386 0
22387 0
22388 0
22389 0
22390 0
22391 0
22392 0
22393 0
22394 0
22395 0
22396 0
22397 0
22398 0
22399 0
22400 0
22401 0
22402 17
22403 93
22404 100
22405 100
22406 100
22407 100
22408 100
22409 100
22410 100
22411 100
22412 100
22413 100
22414 100
22415 100
22416 100
22417 100
22418 100
22419 100
22420 100
22421 100
22422 100
22423 100
22424 100
22425 100
22426 100
22427 100
22428 100
22429 100
22430 100
22431 100
22432 100
22433 100
22434 100
22435 100
22436 100
22437 100
22438 100
22439 100
22440 100
22441 100
22442 100
22443 100
22444 100
22445 100
22446 100
22447 100
22448 100
22449 100
22450 100
22451 100
22452 100
22453 100
22454 87
22455 30
22456 21
22457 0
22458 0
22459 0
22460 0
22461 0
22462 0
22463 0
22464 0
22465 0
22466 0
22467 0
22468 0
22469 0
22470 0
22471 0
22472 0
22473 0
22474 0
22475 0
22476 0
22477 0
22478 0
22479 0
22480 0
22481 0
22482 0
22483 0
22484 0
22485 0
22486 0
22487 0
22488 0
22489 0
22490 0
22491 0
22492 0
22493 0
22494 0
22495 0
22496 0
22497 0
22498 0
22499 0
22500 0
22501 0
22502 0
22503 0
22504 0
22505 0
22506 0
22507 0
22508 0
22509 0
22510 0
22511 0
22512 0
22513 0
22514 0
22515 0
22516 0
22517 0
22518 0
22519 0
22520 0
22521 0
22522 0
22523 0
22524 0
22525 0
22526 0
22527 0
22528 0
22529 0
22530 0
22531 0
22532 0
22533 0
22534 0
22535 0
22536 0
22537 0
22538 0
22539 0
22540 0
22541 0
22542 0
22543 0
22544 0
22545 0
22546 0
22547 0
22548 0
22549 0
22550 0
22551 0
22552 0
22553 0
22554 0
22555 0
22556 0
22557 0
22558 0
22559 0
22560 0
22561 0
22562 0
22563 0
22564 0
22565 0
22566 0
22567 0
22568 0
22569 0
22570 0
22571 0
22572 0
22573 0
22574 0
22575 0
22576 0
22577 0
22578 0
22579 0
22580 0
22581 0
22582 0
22583 0
22584 0
22585 0
22586 0
22587 0
22588 0
22589 0
22590 0
22591 0
22592 9
22593 32
22594 51
22595 67
22596 76
22597 86
22598 100
22599 100
22600 100
22601 100
22602 100
22603 100
22604 100
22605 100
22606 100
22607 100
22608 100
22609 100
22610 100
22611 100
22612 100
22613 100
22614 100
22615 100
22616 100
22617 100
22618 100
22619 100
22620 100
22621 100
22622 100
22623 100
22624 100
22625 100
22626 100
22627 100
22628 100
22629 100
22630 100
22631 100
22632 100
22633 100
22634 100
22635 100
22636 100
22637 100
22638 100
22639 100
22640 100
22641 100
22642 100
22643 100
22644 100
22645 100
22646 88
22647 22
22648 22
22649 19
22650 16
22651 8
22652 13
22653 0
22654 0
22655 0
22656 0
22657 0
22658 0
22659 0
22660 0
22661 0
22662 0
22663 0
22664 0
22665 0
22666 0
22667 0
22668 0
22669 0
22670 0
22671 0
22672 0
22673 0
22674 0
22675 0
22676 0
22677 0
22678 0
22679 0
22680 0
22681 0
22682 0
22683 0
22684 0
22685 0
22686 0
22687 0
22688 0
22689 0
22690 0
22691 0
22692 0
22693 0
22694 0
22695 0
22696 0
22697 0
22698 0
22699 0
22700 0
22701 0
22702 0
22703 0
22704 0
22705 0
22706 0
22707 0
22708 0
22709 0
22710 0
22711 0
22712 0
22713 0
22714 0
22715 0
22716 0
22717 0
22718 0
22719 0
22720 0
22721 0
22722 0
22723 0
22724 0
22725 0
22726 0
22727 0
22728 0
22729 0
22730 0
22731 0
22732 0
22733 0
22734 0
22735 0
22736 0
22737 0
22738 0
22739 0
22740 0
22741 0
22742 0
22743 0
22744 0
22745 0
22746 0
22747 0
22748 0
22749 0
22750 0
22751 0
22752 0
22753 0
22754 0
22755 0
22756 0
22757 0
22758 0
22759 0
22760 0
22761 0
22762 0
22763 0
22764 0
22765 0
22766 0
22767 0
22768 0
22769 0
22770 0
22771 0
22772 0
22773 0
22774 0
22775 0
22776 0
22777 0
22778 0
22779 0
22780 0
22781 0
22782 0
22783 0
22784 0
22785 0
22786 0
22787 0
22788 0
22789 0
22790 0
22791 0
22792 0
22793 0
22794 0
22795 0
22796 0
22797 0
22798 0
22799 0
22800 0
22801 0
22802 0
22803 0
22804 0
22805 0
22806 0
22807 0
22808 0
22809 0
22810 0
22811 0
22812 0
22813 0
22814 0
22815 0
22816 0
22817 0
22818 0
22819 0
22820 0
22821 0
22822 0
22823 0
22824 0
22825 0
22826 0
22827 0
22828 0
22829 0
22830 0
22831 0
22832 0
22833 0
22834 0
22835 6
22836 28
22837 49
22838 65
22839 76
22840 86
22841 100
22842 100
22843 100
22844 100
22845 100
22846 100
22847 100
22848 100
22849 100
22850 100
22851 100
22852 100
22853 100
22854 100
22855 100
22856 100
22857 100
22858 100
22859 100
22860 100
22861 100
22862 100
22863 100
22864 100
22865 100
22866 100
22867 100
22868 100
22869 100
22870 100
22871 100
22872 100
22873 100
22874 100
22875 100
22876 100
22877 100
22878 100
22879 100
22880 100
22881 100
22882 100
22883 100
22884 100
22885 100
22886 100
22887 100
22888 100
22889 91
22890 32
22891 14
22892 24
22893 17
22894 17
22895 1
22896 0
22897 0
22898 0
22899 0
22900 0
22901 0
22902 0
22903 0
22904 0
22905 0
22906 0
22907 0
22908 0
22909 0
22910 0
22911 0
22912 0
22913 0
22914 0
22915 0
22916 0
22917 0
22918 0
22919 0
22920 0
22921 0
22922 0
22923 0
22924 0
22925 0
22926 0
22927 0
22928 0
22929 0
22930 0
22931 0
22932 0
22933 0
22934 0
22935 0
22936 0
22937 0
22938 0
22939 0
22940 0
22941 0
22942 0
22943 0
22944 0
22945 0
22946 0
22947 0
22948 0
22949 0
22950 0
22951 0
22952 0
22953 0
22954 0
22955 0
22956 0
22957 0
22958 0
22959 0
22960 0
22961 3
22962 29
22963 50
22964 62
22965 76
22966 86
22967 100
22968 100
22969 100
22970 100
22971 100
22972 100
22973 100
22974 100
22975 100
22976 100
22977 100
22978 100
22979 100
22980 100
22981 100
22982 100
22983 100
22984 100
22985 100
22986 100
22987 100
22988 100
22989 100
22990 100
22991 100
22992 100
22993 100
22994 100
22994 100
